Spatial_Layers/ebirdoven.txt
ncols         656
nrows         410
xllcorner     -112.45929828886
yllcorner     0.4752094056062
cellsize      0.1
NODATA_value  -9999
[rows 64 to 95 of 410, columns 146 to 218 of 656]
1.162807 1.162807 1.191768 1.103633 1.103633 1.142933 1.343491 1.343491 1.250573 1.254752 1.237874 1.237874 1.270928 1.178379 1.178379 1.169853 1.337282 1.337282 1.27594 1.253074 1.262098 1.262098 1.271277 1.36333 1.36333 1.390262 1.336928 1.336928 1.284576 1.212936 1.234227 1.234227 1.234227 1.119545 1.119545 1.230698 1.169732 1.157268 1.157268 1.260924 1.333347 1.333347 1.251738 1.165599 1.165599 1.106339 1.269918 1.194576 1.194576 1.227333 1.247294 1.247294 1.186828 1.104446 1.104446 1.162182 1.089707 1.178754 1.178754 1.139912 1.111997 1.111997 1.111007 0.982671 1.079363 1.079363 1.0375 1.019105 1.019105 1.052954 1.071903 1.071903 1.00795
1.13778 1.13778 1.155344 1.127124 1.127124 1.167931 1.201529 1.201529 1.163375 1.23282 1.215641 1.215641 1.247914 1.199683 1.199683 1.160461 1.243662 1.243662 1.182759 1.187034 1.235142 1.235142 1.252956 1.34208 1.34208 1.333878 1.275421 1.275421 1.208676 1.252528 1.132006 1.132006 1.253081 1.253081 1.253081 1.294414 1.289247 1.174248 1.174248 1.349469 1.342033 1.342033 1.252354 1.209885 1.209885 1.361672 1.342072 1.365701 1.365701 1.441105 1.385284 1.385284 1.317824 1.253997 1.253997 1.241232 1.230847 1.199749 1.199749 1.038406 1.108104 1.108104 1.079916 1.052353 1.083703 1.083703 0.975541 0.9583026 0.9583026 0.9550095 1.056346 1.056346 1.015199
1.13778 1.13778 1.155344 1.127124 1.127124 1.167931 1.201529 1.201529 1.163375 1.23282 1.215641 1.215641 1.247914 1.199683 1.199683 1.160461 1.243662 1.243662 1.182759 1.187034 1.235142 1.235142 1.252956 1.34208 1.34208 1.333878 1.275421 1.275421 1.208676 1.252528 1.132006 1.132006 1.253081 1.253081 1.253081 1.294414 1.289247 1.174248 1.174248 1.349469 1.342033 1.342033 1.252354 1.209885 1.209885 1.361672 1.342072 1.365701 1.365701 1.441105 1.385284 1.385284 1.317824 1.253997 1.253997 1.241232 1.230847 1.199749 1.199749 1.038406 1.108104 1.108104 1.079916 1.052353 1.083703 1.083703 0.975541 0.9583026 0.9583026 0.9550095 1.056346 1.056346 1.015199
1.180794 1.180794 1.15325 1.106951 1.106951 1.135228 1.216806 1.216806 1.114196 1.163636 1.194882 1.194882 1.261351 1.204125 1.204125 1.178487 1.144875 1.144875 1.195483 1.165798 1.191285 1.191285 1.211767 1.301779 1.301779 1.316697 1.303731 1.303731 1.313241 1.27914 1.26204 1.26204 1.294203 1.28425 1.28425 1.28425 1.344746 1.327673 1.327673 1.30879 1.341476 1.341476 1.377892 1.308386 1.308386 1.345581 1.429851 1.442661 1.442661 1.366604 1.326943 1.326943 1.274549 1.283603 1.283603 1.226531 1.108046 0.928504 0.928504 0.9904608 0.9937726 0.9937726 1.076141 1.0491 1.238158 1.238158 1.007715 0.8262049 0.8262049 0.788444 0.9867287 0.9867287 1.103074
1.143774 1.143774 1.222165 1.211179 1.211179 1.228805 1.132436 1.132436 1.131065 1.107747 1.162655 1.162655 1.237913 1.019947 1.019947 1.116325 1.10825 1.10825 1.221843 1.213001 1.208676 1.208676 1.283963 1.355475 1.355475 1.358302 1.38083 1.38083 1.400789 1.344512 1.298618 1.298618 1.318146 1.265189 1.265189 1.293916 1.293916 1.262361 1.262361 1.344205 1.221577 1.221577 1.182747 1.322894 1.322894 1.421723 1.416426 1.42586 1.42586 1.370841 1.326424 1.326424 1.218917 1.273557 1.273557 1.272361 1.005193 0.9349437 0.9349437 0.9314227 0.9550628 0.9550628 0.975932 0.8724542 1.198833 1.198833 1.110677 0.8441057 0.8441057 0.8504268 0.9277045 0.9277045 1.355401
1.143774 1.143774 1.222165 1.211179 1.211179 1.228805 1.132436 1.132436 1.131065 1.107747 1.162655 1.162655 1.237913 1.019947 1.019947 1.116325 1.10825 1.10825 1.221843 1.213001 1.208676 1.208676 1.283963 1.355475 1.355475 1.358302 1.38083 1.38083 1.400789 1.344512 1.298618 1.298618 1.318146 1.265189 1.265189 1.293916 1.293916 1.262361 1.262361 1.344205 1.221577 1.221577 1.182747 1.322894 1.322894 1.421723 1.416426 1.42586 1.42586 1.370841 1.326424 1.326424 1.218917 1.273557 1.273557 1.272361 1.005193 0.9349437 0.9349437 0.9314227 0.9550628 0.9550628 0.975932 0.8724542 1.198833 1.198833 1.110677 0.8441057 0.8441057 0.8504268 0.9277045 0.9277045 1.355401
1.224686 1.224686 1.121745 1.127157 1.127157 1.115533 1.186878 1.186878 1.194073 1.114627 1.176945 1.176945 1.177974 0.9624894 0.9624894 1.053545 1.19085 1.19085 1.186932 1.289737 1.289786 1.289786 1.297507 1.27992 1.27992 1.280321 1.279195 1.279195 1.317943 1.345894 1.266761 1.266761 1.199127 1.176227 1.176227 1.354495 1.413621 1.413621 1.413621 1.45658 1.423662 1.423662 1.218051 1.398297 1.398297 1.490361 1.294005 1.280183 1.280183 1.366573 1.284796 1.284796 1.20583 1.268918 1.268918 1.305057 1.146031 1.182163 1.182163 0.9380733 0.9687431 0.9687431 1.087563 0.9112034 0.9792412 0.9792412 1.34549 0.9104017 0.9104017 0.8168586 0.9753099 0.9753099 1.163276
1.169431 1.169431 1.1819 1.185405 1.185405 1.136186 1.116145 1.116145 1.116342 1.079698 1.169829 1.169829 1.104301 1.088407 1.088407 1.064686 1.186706 1.186706 1.212721 1.270707 1.139973 1.139973 1.22994 1.217344 1.217344 1.23937 1.308527 1.308527 1.289865 1.298414 1.294393 1.294393 1.272243 1.251321 1.251321 1.299175 1.371551 1.401117 1.401117 1.401117 1.308638 1.308638 1.299065 1.243056 1.243056 1.23439 1.345896 1.310845 1.310845 1.21282 1.287384 1.287384 1.271193 1.264152 1.264152 1.299691 1.324926 1.308595 1.308595 0.9047453 0.9342697 0.9342697 1.083205 1.045081 0.9653053 0.9653053 0.9545144 1.493807 1.493807 1.03663 1.074208 1.074208 0.9927818
1.169431 1.169431 1.1819 1.185405 1.185405 1.136186 1.116145 1.116145 1.116342 1.079698 1.169829 1.169829 1.104301 1.088407 1.088407 1.064686 1.186706 1.186706 1.212721 1.270707 1.139973 1.139973 1.22994 1.217344 1.217344 1.23937 1.308527 1.308527 1.289865 1.298414 1.294393 1.294393 1.272243 1.251321 1.251321 1.299175 1.371551 1.401117 1.401117 1.401117 1.308638 1.308638 1.299065 1.243056 1.243056 1.23439 1.345896 1.310845 1.310845 1.21282 1.287384 1.287384 1.271193 1.264152 1.264152 1.299691 1.324926 1.308595 1.308595 0.9047453 0.9342697 0.9342697 1.083205 1.045081 0.9653053 0.9653053 0.9545144 1.493807 1.493807 1.03663 1.074208 1.074208 0.9927818
1.083946 1.083946 1.001434 1.242582 1.242582 1.234336 1.190999 1.190999 1.160991 1.080627 1.182643 1.182643 1.2852 1.204162 1.204162 1.317969 1.252718 1.252718 1.181732 1.20756 1.195547 1.195547 1.203622 1.172978 1.172978 1.187014 1.311952 1.311952 1.313361 1.262214 1.289836 1.289836 1.299217 1.243175 1.243175 1.1775 1.289824 1.248399 1.248399 1.298731 1.34679 1.34679 1.34679 1.303777 1.303777 1.303245 1.320494 1.268965 1.268965 1.262489 1.33597 1.33597 1.316699 1.353576 1.353576 1.307615 1.289073 1.280208 1.280208 0.9692268 1.000752 1.000752 1.330989 1.13145 1.03364 1.03364 1.238086 1.652087 1.652087 1.126069 1.264521 1.264521 0.9928429
1.072404 1.072404 0.9801919 1.341137 1.341137 1.303765 1.248563 1.248563 1.318068 1.14057 1.068996 1.068996 1.204138 1.144917 1.144917 1.012424 0.931644 0.931644 1.124442 1.09588 1.034141 1.034141 0.9115117 1.134941 1.134941 1.160582 1.2846 1.2846 1.215139 1.169081 1.216086 1.216086 1.246929 1.237954 1.237954 1.269613 1.25163 1.23934 1.23934 1.07655 1.125665 1.125665 1.202341 1.202341 1.202341 1.262551 1.210143 1.183078 1.183078 1.019047 1.298975 1.298975 1.296266 1.309663 1.309663 1.332842 1.2703 1.252696 1.252696 1.100628 0.9868364 0.9868364 1.079172 1.115474 1.007656 1.007656 1.359583 1.713777 1.713777 1.159664 0.9853274 0.9853274 1.036565
1.012186 1.012186 1.005313 1.182298 1.182298 1.153182 1.092303 1.092303 1.235153 1.128386 1.157234 1.157234 1.204151 1.038527 1.038527 0.9351642 1.019699 1.019699 1.019489 1.107877 1.068216 1.068216 0.9578933 1.075579 1.075579 0.9856831 0.9714767 0.9714767 1.030012 1.034026 1.12658 1.12658 1.15522 1.218967 1.218967 1.155468 1.220381 1.138347 1.138347 1.055515 1.189174 1.189174 1.193434 1.295548 1.295548 1.28067 1.235838 1.235838 1.235838 1.297908 1.274383 1.274383 1.309721 1.310336 1.310336 1.313397 1.2703 1.247774 1.247774 1.190604 1.227056 1.227056 1.212301 1.114629 1.130572 1.130572 1.086261 1.510082 1.510082 0.9168888 0.9471254 0.9471254 0.9996665
1.012186 1.012186 1.005313 1.182298 1.182298 1.153182 1.092303 1.092303 1.235153 1.128386 1.157234 1.157234 1.204151 1.038527 1.038527 0.9351642 1.019699 1.019699 1.019489 1.107877 1.068216 1.068216 0.9578933 1.075579 1.075579 0.9856831 0.9714767 0.9714767 1.030012 1.034026 1.12658 1.12658 1.15522 1.218967 1.218967 1.155468 1.220381 1.138347 1.138347 1.055515 1.189174 1.189174 1.193434 1.295548 1.295548 1.28067 1.235838 1.235838 1.235838 1.297908 1.274383 1.274383 1.309721 1.310336 1.310336 1.313397 1.2703 1.247774 1.247774 1.190604 1.227056 1.227056 1.212301 1.114629 1.130572 1.130572 1.086261 1.510082 1.510082 0.9168888 0.9471254 0.9471254 0.9996665
1.219397 1.219397 1.257554 1.179365 1.179365 1.160773 1.195458 1.195458 1.191184 1.116333 0.9352681 0.9352681 1.112308 1.038507 1.038507 1.027002 1.016087 1.016087 1.123745 1.053419 1.038207 1.038207 1.103744 1.008605 1.008605 1.076187 1.225343 1.225343 1.228377 0.9646823 1.024936 1.024936 1.171339 1.134153 1.134153 1.259243 1.315023 1.217642 1.217642 0.968419 1.135364 1.135364 1.197529 1.158466 1.158466 1.229944 1.321861 1.326938 1.326938 1.197908 1.19579 1.19579 1.19579 1.241381 1.241381 1.200526 1.188233 1.229318 1.229318 1.172723 1.227804 1.227804 1.156238 1.167928 1.180579 1.180579 1.259646 1.339918 1.339918 1.201866 1.047524 1.047524 0.9710699
1.168648 1.168648 1.200911 1.059175 1.059175 0.8983696 0.9020896 0.9020896 1.144929 0.9873338 0.8269594 0.8269594 0.9522918 0.9696422 0.9696422 1.001685 0.9019811 0.9019811 0.8669387 0.7583601 0.797526 0.797526 0.8600829 0.869145 0.869145 0.9377613 1.047993 1.047993 0.9607971 1.164661 1.106784 1.106784 1.171945 1.114029 1.114029 0.9844127 0.8069395 0.8245004 0.8245004 0.9592322 1.196025 1.196025 1.223718 1.218917 1.218917 1.228511 1.291593 1.230406 1.230406 1.246306 1.168072 1.168072 1.257229 1.222633 1.222633 1.248113 1.187416 1.187416 1.187416 1.215564 1.221355 1.221355 1.13158 1.211614 1.206215 1.206215 1.146737 1.250893 1.250893 0.9604803 1.066545 1.066545 0.8870538
1.168648 1.168648 1.200911 1.059175 1.059175 0.8983696 0.9020896 0.9020896 1.144929 0.9873338 0.8269594 0.8269594 0.9522918 0.9696422 0.9696422 1.001685 0.9019811 0.9019811 0.8669387 0.7583601 0.797526 0.797526 0.8600829 0.869145 0.869145 0.9377613 1.047993 1.047993 0.9607971 1.164661 1.106784 1.106784 1.171945 1.114029 1.114029 0.9844127 0.8069395 0.8245004 0.8245004 0.9592322 1.196025 1.196025 1.223718 1.218917 1.218917 1.228511 1.291593 1.230406 1.230406 1.246306 1.168072 1.168072 1.257229 1.222633 1.222633 1.248113 1.187416 1.187416 1.187416 1.215564 1.221355 1.221355 1.13158 1.211614 1.206215 1.206215 1.146737 1.250893 1.250893 0.9604803 1.066545 1.066545 0.8870538
1.135836 1.135836 1.165319 1.011709 1.011709 0.9521158 1.008947 1.008947 1.199821 0.6929936 0.7584329 0.7584329 0.7667312 0.8514334 0.8514334 0.7920802 0.6930054 0.6930054 0.8091715 0.7528024 0.7258113 0.7258113 0.7150066 0.8560494 0.8560494 0.8316673 1.110421 1.110421 1.062804 1.109327 1.040141 1.040141 1.036103 1.130577 1.130577 1.229082 1.236954 1.202463 1.202463 0.9084105 0.9316711 0.9316711 1.142466 1.236757 1.236757 1.246299 1.24818 1.19975 1.19975 1.212032 1.255728 1.255728 1.206138 1.201558 1.201558 1.19975 1.186881 1.21496 1.21496 1.207662 1.186441 1.186441 1.164212 1.074347 1.040316 1.040316 1.040316 1.231418 1.231418 0.9570174 0.9363165 0.9363165 0.9064283
1.088391 1.088391 1.255332 0.9488502 0.9488502 0.8668382 0.9418069 0.9418069 1.084509 0.7029031 0.8392181 0.8392181 0.8331386 0.8857728 0.8857728 0.889026 0.758333 0.758333 0.7473608 0.7336331 0.8596031 0.8596031 0.9175335 0.9109293 0.9109293 0.8940012 1.010276 1.010276 1.054438 1.042882 1.141164 1.141164 1.174505 1.187123 1.187123 1.200695 1.275593 1.230723 1.230723 1.105424 0.7946451 0.7946451 1.069279 1.183193 1.183193 1.227 1.205473 1.18781 1.18781 1.19975 1.217017 1.217017 1.298419 1.307318 1.307318 1.295902 1.358647 1.2512 1.2512 1.115027 1.203102 1.203102 1.197609 1.054982 0.9739407 0.9739407 1.201557 0.9672539 0.9672539 0.8869373 0.8772035 0.8772035 1.105482
1.049845 1.049845 1.127607 1.027202 1.027202 0.8732365 1.046074 1.046074 1.104116 0.6854068 0.8763964 0.8763964 0.8604779 0.872816 0.872816 0.9352017 0.8120462 0.8120462 0.7233302 0.8694332 0.8792502 0.8792502 0.8294731 1.010992 1.010992 1.01839 0.9826567 0.9826567 1.071641 1.12282 1.122106 1.122106 1.241078 1.424341 1.424341 1.477205 1.320494 1.417108 1.417108 0.8270705 0.7154648 0.7154648 1.128919 1.286223 1.286223 1.21788 1.192931 1.187123 1.187123 1.18813 1.217821 1.217821 1.217521 1.139848 1.139848 1.164282 1.728771 1.201942 1.201942 1.202536 1.233253 1.233253 1.19699 1.024595 0.9641421 0.9641421 1.21449 1.06235 1.06235 1.081925 1.12955 1.12955 1.121495
1.049845 1.049845 1.127607 1.027202 1.027202 0.8732365 1.046074 1.046074 1.104116 0.6854068 0.8763964 0.8763964 0.8604779 0.872816 0.872816 0.9352017 0.8120462 0.8120462 0.7233302 0.8694332 0.8792502 0.8792502 0.8294731 1.010992 1.010992 1.01839 0.9826567 0.9826567 1.071641 1.12282 1.122106 1.122106 1.241078 1.424341 1.424341 1.477205 1.320494 1.417108 1.417108 0.8270705 0.7154648 0.7154648 1.128919 1.286223 1.286223 1.21788 1.192931 1.187123 1.187123 1.18813 1.217821 1.217821 1.217521 1.139848 1.139848 1.164282 1.728771 1.201942 1.201942 1.202536 1.233253 1.233253 1.19699 1.024595 0.9641421 0.9641421 1.21449 1.06235 1.06235 1.081925 1.12955 1.12955 1.121495
1.124354 1.124354 1.084553 0.9553145 0.9553145 1.072857 1.262098 1.262098 1.207849 1.173933 1.195565 1.195565 1.022707 0.9416462 0.9416462 0.5951546 0.8786623 0.8786623 0.9861839 0.8723847 0.872338 0.872338 1.030147 0.8883961 0.8883961 0.9622759 1.274439 1.274439 1.237633 1.20573 1.339151 1.339151 1.214572 1.277673 1.277673 1.300236 1.208878 1.231609 1.231609 0.8552973 0.9418215 0.9418215 1.285369 1.248633 1.248633 1.271127 1.167213 1.165993 1.165993 1.22953 1.164621 1.164621 1.186312 1.207032 1.207032 1.189789 1.692526 1.310193 1.310193 1.172861 1.238444 1.238444 1.105335 1.105408 0.97056 0.97056 1.262775 1.171095 1.171095 1.113423 1.158473 1.158473 1.105482
1.151678 1.151678 1.174251 1.132522 1.132522 1.072754 1.20847 1.20847 1.115909 1.261018 1.303 1.303 1.252099 0.948404 0.948404 0.7692712 1.128104 1.128104 1.135729 1.011286 1.060151 1.060151 1.246648 1.155847 1.155847 1.147491 1.220309 1.220309 1.12646 1.215798 1.3983 1.3983 1.403858 1.323689 1.323689 1.282244 1.318348 1.317021 1.317021 1.194442 1.327773 1.327773 1.327224 1.244131 1.244131 1.217521 1.171437 1.178755 1.178755 1.19567 1.194511 1.194511 1.155624 1.126426 1.126426 1.176468 1.731188 1.55802 1.55802 1.188057 1.069909 1.069909 1.020832 0.9636386 0.9330631 0.9330631 1.333805 1.205508 1.205508 1.11715 1.145756 1.145756 1.222805
1.151678 1.151678 1.174251 1.132522 1.132522 1.072754 1.20847 1.20847 1.115909 1.261018 1.303 1.303 1.252099 0.948404 0.948404 0.7692712 1.128104 1.128104 1.135729 1.011286 1.060151 1.060151 1.246648 1.155847 1.155847 1.147491 1.220309 1.220309 1.12646 1.215798 1.3983 1.3983 1.403858 1.323689 1.323689 1.282244 1.318348 1.317021 1.317021 1.194442 1.327773 1.327773 1.327224 1.244131 1.244131 1.217521 1.171437 1.178755 1.178755 1.19567 1.194511 1.194511 1.155624 1.126426 1.126426 1.176468 1.731188 1.55802 1.55802 1.188057 1.069909 1.069909 1.020832 0.9636386 0.9330631 0.9330631 1.333805 1.205508 1.205508 1.11715 1.145756 1.145756 1.222805
1.199127 1.199127 1.107799 1.204241 1.204241 1.157355 1.186983 1.186983 1.123697 1.148826 1.139472 1.139472 1.13901 0.81165 0.81165 0.7661303 0.872783 0.872783 0.8236733 1.048448 1.142599 1.142599 1.198206 1.273066 1.273066 1.293239 1.221384 1.221384 1.211525 1.236856 1.296421 1.296421 1.32884 1.304204 1.304204 1.342952 1.442192 1.29262 1.29262 1.014961 1.280004 1.280004 1.28949 1.304139 1.304139 1.235896 1.159608 1.158715 1.158715 1.226409 1.144352 1.144352 1.208635 1.097081 1.097081 1.14785 1.189647 1.235789 1.235789 1.160015 0.922702 0.922702 0.8553028 0.9294536 1.069764 1.069764 1.10526 1.113273 1.113273 1.137509 1.363117 1.363117 1.402512
1.078716 1.078716 1.088336 1.14452 1.14452 1.100193 1.144796 1.144796 1.112279 1.068763 0.9447016 0.9447016 1.036431 0.7411898 0.7411898 0.7741645 0.8819121 0.8819121 0.762991 1.107427 1.079559 1.079559 1.1594 1.282244 1.282244 1.305395 1.228377 1.228377 1.228511 1.233918 1.296266 1.296266 1.34257 1.325505 1.325505 1.295777 1.299754 1.323052 1.323052 1.157882 0.958025 0.958025 1.252289 1.235176 1.235176 1.220955 1.187416 1.066734 1.066734 1.122019 1.171239 1.171239 1.166332 1.135078 1.135078 1.199236 1.320535 1.039365 1.039365 1.133096 1.031743 1.031743 0.8307735 0.8709479 1.061918 1.061918 1.10511 1.240431 1.240431 1.24951 1.449914 1.449914 1.097274
1.078716 1.078716 1.088336 1.14452 1.14452 1.100193 1.144796 1.144796 1.112279 1.068763 0.9447016 0.9447016 1.036431 0.7411898 0.7411898 0.7741645 0.8819121 0.8819121 0.762991 1.107427 1.079559 1.079559 1.1594 1.282244 1.282244 1.305395 1.228377 1.228377 1.228511 1.233918 1.296266 1.296266 1.34257 1.325505 1.325505 1.295777 1.299754 1.323052 1.323052 1.157882 0.958025 0.958025 1.252289 1.235176 1.235176 1.220955 1.187416 1.066734 1.066734 1.122019 1.171239 1.171239 1.166332 1.135078 1.135078 1.199236 1.320535 1.039365 1.039365 1.133096 1.031743 1.031743 0.8307735 0.8709479 1.061918 1.061918 1.10511 1.240431 1.240431 1.24951 1.449914 1.449914 1.097274
1.023314 1.023314 1.014943 1.026406 1.026406 1.09992 0.9352309 0.9352309 0.9626814 0.9385564 0.7940569 0.7940569 0.8943042 0.8227629 0.8227629 0.7516706 0.890548 0.890548 0.8353357 1.112007 1.049298 1.049298 1.099143 1.20352 1.20352 1.308304 1.321031 1.321031 1.315827 1.285684 1.277621 1.277621 1.224125 1.249532 1.249532 1.259192 1.2365 1.280072 1.280072 1.323377 0.9587812 0.9587812 1.000163 1.203308 1.203308 1.16113 1.165207 1.209511 1.209511 1.232298 1.204215 1.204215 1.170497 1.178638 1.178638 1.194846 1.250013 1.108571 1.108571 1.053981 0.8097522 0.8097522 0.8833238 0.8395932 1.116997 1.116997 1.061918 1.22723 1.22723 1.56417 1.428756 1.428756 1.347297
1.174237 1.174237 0.9309612 0.9836202 0.9836202 1.11212 0.8391836 0.8391836 0.9020841 0.8329557 0.7972019 0.7972019 0.8024902 0.8279769 0.8279769 0.8438895 0.9300663 0.9300663 0.9508764 1.099743 1.123622 1.123622 1.182279 1.24773 1.24773 1.261207 1.198676 1.198676 1.279435 1.292322 1.228286 1.228286 1.253939 1.295431 1.295431 1.267542 1.210193 1.258648 1.258648 1.22174 1.181295 1.181295 0.9574441 1.265649 1.265649 1.166814 1.185708 1.196025 1.196025 1.208997 1.22584 1.22584 1.187972 1.169295 1.169295 1.225775 1.210809 1.076843 1.076843 0.969685 0.8244511 0.8244511 1.028024 0.9255335 1.324293 1.324293 1.141469 1.290795 1.290795 1.519619 1.218499 1.218499 1.119447
1.151219 1.151219 1.112317 0.9520926 0.9520926 0.9217998 0.7107325 0.7107325 0.8987374 0.7550461 0.8178751 0.8178751 0.7602166 0.8648013 0.8648013 0.8195556 0.8904791 0.8904791 1.08638 1.164003 1.185854 1.185854 1.181761 1.242657 1.242657 1.178036 1.233885 1.233885 1.189175 1.198742 1.22947 1.22947 1.142642 1.159227 1.159227 1.137529 1.307976 1.137529 1.137529 1.179473 1.198833 1.198833 0.9792973 1.007104 1.007104 1.17427 1.186246 1.217146 1.217146 1.199367 1.190926 1.190926 1.161315 1.190669 1.190669 1.22953 1.189859 0.9944433 0.9944433 0.9630464 0.8516324 0.8516324 0.9290116 1.318984 0.8830175 0.8830175 0.8896053 1.338087 1.338087 1.268119 1.216417 1.216417 1.097225
1.151219 1.151219 1.112317 0.9520926 0.9520926 0.9217998 0.7107325 0.7107325 0.8987374 0.7550461 0.8178751 0.8178751 0.7602166 0.8648013 0.8648013 0.8195556 0.8904791 0.8904791 1.08638 1.164003 1.185854 1.185854 1.181761 1.242657 1.242657 1.178036 1.233885 1.233885 1.189175 1.198742 1.22947 1.22947 1.142642 1.159227 1.159227 1.137529 1.307976 1.137529 1.137529 1.179473 1.198833 1.198833 0.9792973 1.007104 1.007104 1.17427 1.186246 1.217146 1.217146 1.199367 1.190926 1.190926 1.161315 1.190669 1.190669 1.22953 1.189859 0.9944433 0.9944433 0.9630464 0.8516324 0.8516324 0.9290116 1.318984 0.8830175 0.8830175 0.8896053 1.338087 1.338087 1.268119 1.216417 1.216417 1.097225
1.052305 1.052305 1.072602 1.056774 1.056774 0.9351377 0.7004308 0.7004308 0.7447873 0.7176982 0.8819349 0.8819349 0.8019854 0.7795064 0.7795064 0.9101945 0.9327074 0.9327074 0.9776757 1.291049 1.297702 1.297702 1.225256 1.236177 1.236177 1.212829 1.121314 1.121314 1.192834 1.209782 1.312588 1.312588 1.210576 1.237674 1.237674 1.232638 1.31292 1.270156 1.270156 1.266995 1.250231 1.250231 1.167719 1.029104 1.029104 1.146442 1.211471 1.18043 1.18043 1.172792 1.144164 1.144164 1.156238 1.182602 1.182602 1.21571 1.219813 1.172081 1.172081 1.271573 0.9288172 0.9288172 1.054129 0.9802496 1.038863 1.038863 1.069469 1.507885 1.507885 1.324027 1.207593 1.207593 1.156105
1.003713 1.003713 1.056925 1.08042 1.08042 0.8986735 0.7287455 0.7287455 0.6634331 0.7689393 0.9343802 0.9343802 0.7600952 0.825937 0.825937 1.036431 1.039313 1.039313 0.9487485 1.150423 1.289424 1.289424 1.251875 1.263315 1.263315 1.25749 1.202463 1.202463 1.20123 1.282032 1.193646 1.193646 1.340694 1.282695 1.282695 1.277673 1.218606 1.270442 1.270442 1.345173 1.276368 1.276368 1.245304 1.199624 1.199624 1.021696 0.7459046 0.9432901 0.9432901 1.114355 1.21282 1.21282 1.182227 1.20268 1.20268 1.209544 1.215998 1.212946 1.212946 1.453489 1.253422 1.253422 1.054055 1.088807 1.191616 1.191616 1.208871 1.490385 1.490385 1.103328 1.088041 1.088041 1.213888
