Spatial_Layers/ebirdoven.txt
ncols         656
nrows         410
xllcorner     -112.45929828886
yllcorner     0.4752094056062
cellsize      0.1
NODATA_value  -9999
[rows 64 to 95 of 410, columns 292 to 364 of 656]
1.081531 1.101565 1.124343 1.124343 1.187966 1.297774 1.297774 1.249697 1.242193 1.242193 1.239439 1.252678 1.239427 1.239427 1.239427 1.248386 1.248386 1.27575 1.271215 1.230632 1.230632 1.239583 1.361564 1.361564 1.152968 1.16553 1.16553 0.7889565 0.7719049 0.9966546 0.9966546 1.145724 1.319942 1.319942 1.324503 1.343258 1.343258 1.338933 1.349275 1.356997 1.356997 1.336262 1.286744 1.286744 1.23167 1.082344 1.106196 1.106196 1.040118 1.106334 1.106334 0.9639557 1.074067 1.074067 1.049883 1.101423 1.174606 1.174606 1.347223 1.275054 1.275054 1.406292 -9999 -9999 -9999 -9999 -9999 -9999 -9999 -9999 -9999 -9999 -9999
1.11198 1.206971 1.390678 1.390678 1.257683 1.240422 1.240422 1.247522 1.233602 1.233602 1.199809 1.178446 1.248613 1.248613 1.262143 1.266197 1.266197 1.274439 1.238804 1.238804 1.238804 1.099846 1.15305 1.15305 1.190809 1.064723 1.064723 0.8954434 0.7234678 1.226827 1.226827 1.274585 1.305395 1.305395 1.351266 1.344103 1.344103 1.161376 1.148919 1.111878 1.111878 1.111264 1.118457 1.118457 1.208785 1.175411 1.130071 1.130071 1.097525 1.142746 1.142746 1.166476 1.102208 1.102208 1.149015 1.124301 1.158317 1.158317 1.298582 1.307703 1.307703 1.247999 1.326734 1.326734 1.284298 1.29361 1.297696 1.297696 1.446325 -9999 -9999 -9999 -9999
1.11198 1.206971 1.390678 1.390678 1.257683 1.240422 1.240422 1.247522 1.233602 1.233602 1.199809 1.178446 1.248613 1.248613 1.262143 1.266197 1.266197 1.274439 1.238804 1.238804 1.238804 1.099846 1.15305 1.15305 1.190809 1.064723 1.064723 0.8954434 0.7234678 1.226827 1.226827 1.274585 1.305395 1.305395 1.351266 1.344103 1.344103 1.161376 1.148919 1.111878 1.111878 1.111264 1.118457 1.118457 1.208785 1.175411 1.130071 1.130071 1.097525 1.142746 1.142746 1.166476 1.102208 1.102208 1.149015 1.124301 1.158317 1.158317 1.298582 1.307703 1.307703 1.247999 1.326734 1.326734 1.284298 1.29361 1.297696 1.297696 1.446325 -9999 -9999 -9999 -9999
1.264595 1.298241 1.312742 1.312742 1.299219 1.199375 1.199375 1.2079 1.230014 1.230014 1.22574 1.22616 1.313282 1.313282 1.332352 1.262087 1.262087 1.292043 1.275548 1.169496 1.169496 1.185293 1.16463 1.16463 1.091827 1.108085 1.108085 1.108085 1.165397 1.301737 1.301737 1.175221 1.27106 1.27106 1.297375 1.298839 1.298839 1.111452 1.018694 1.019162 1.019162 1.052166 1.086398 1.086398 1.146065 1.232404 1.196911 1.196911 1.254536 1.196345 1.196345 1.080893 1.18227 1.18227 1.034971 1.258222 1.326432 1.326432 1.360706 1.360706 1.360706 1.269378 1.234549 1.234549 1.37553 -9999 1.43558 1.43558 -9999 -9999 -9999 -9999 -9999
1.337109 1.248399 1.203975 1.203975 1.361584 1.226042 1.226042 1.186576 1.212551 1.212551 1.208671 1.230666 1.337051 1.337051 1.346226 1.283679 1.283679 1.293169 1.23364 1.234931 1.234931 1.221035 1.216684 1.216684 1.156871 1.091783 1.091783 1.203144 1.32924 1.407449 1.407449 1.338415 1.219738 1.219738 1.05145 1.05145 1.05145 1.02232 0.9679354 0.8313249 0.8313249 1.067087 1.125553 1.125553 1.170857 1.219043 1.31502 1.31502 1.235703 1.279572 1.279572 1.190841 1.182444 1.182444 1.25619 1.284587 1.322732 1.322732 1.472224 -9999 -9999 -9999 -9999 -9999 -9999 -9999 -9999 -9999 -9999 -9999 -9999 -9999 -9999
1.337109 1.248399 1.203975 1.203975 1.361584 1.226042 1.226042 1.186576 1.212551 1.212551 1.208671 1.230666 1.337051 1.337051 1.346226 1.283679 1.283679 1.293169 1.23364 1.234931 1.234931 1.221035 1.216684 1.216684 1.156871 1.091783 1.091783 1.203144 1.32924 1.407449 1.407449 1.338415 1.219738 1.219738 1.05145 1.05145 1.05145 1.02232 0.9679354 0.8313249 0.8313249 1.067087 1.125553 1.125553 1.170857 1.219043 1.31502 1.31502 1.235703 1.279572 1.279572 1.190841 1.182444 1.182444 1.25619 1.284587 1.322732 1.322732 1.472224 -9999 -9999 -9999 -9999 -9999 -9999 -9999 -9999 -9999 -9999 -9999 -9999 -9999 -9999
1.303244 1.230702 1.230702 1.230702 1.346991 1.230632 1.230632 1.244089 1.280527 1.280527 1.318113 1.346453 1.239051 1.239051 1.284734 1.246771 1.246771 1.233 1.241479 1.270193 1.270193 1.256122 1.316431 1.316431 1.303743 1.198742 1.198742 1.268373 1.334376 1.272804 1.272804 1.380944 1.059857 1.059857 1.12494 1.021567 1.021567 1.043815 1.028507 0.9853897 0.9853897 0.9998553 1.025393 1.025393 1.097305 1.1452 1.175332 1.175332 1.352002 1.284682 1.284682 1.190753 1.256953 1.256953 1.251466 1.275434 1.298193 1.298193 -9999 -9999 -9999 -9999 -9999 -9999 -9999 -9999 -9999 -9999 -9999 -9999 -9999 -9999 -9999
1.08455 1.095664 1.235069 1.235069 1.165724 1.239138 1.239138 1.212051 1.243663 1.243663 1.331796 1.331796 1.266567 1.266567 1.261083 1.034141 1.034141 1.16532 1.23634 1.330391 1.330391 1.256804 1.243287 1.243287 1.29287 1.323503 1.323503 1.299999 1.407898 1.177173 1.177173 1.16062 1.079236 1.079236 1.129924 1.195326 1.195326 1.109109 0.9885097 0.9538723 0.9538723 0.9268783 1.084957 1.084957 1.108254 1.187066 1.238831 1.238831 1.289801 1.3134 1.3134 1.332417 1.269578 1.269578 1.302988 1.369407 -9999 -9999 -9999 -9999 -9999 -9999 -9999 -9999 -9999 -9999 -9999 -9999 -9999 -9999 -9999 -9999 -9999
1.08455 1.095664 1.235069 1.235069 1.165724 1.239138 1.239138 1.212051 1.243663 1.243663 1.331796 1.331796 1.266567 1.266567 1.261083 1.034141 1.034141 1.16532 1.23634 1.330391 1.330391 1.256804 1.243287 1.243287 1.29287 1.323503 1.323503 1.299999 1.407898 1.177173 1.177173 1.16062 1.079236 1.079236 1.129924 1.195326 1.195326 1.109109 0.9885097 0.9538723 0.9538723 0.9268783 1.084957 1.084957 1.108254 1.187066 1.238831 1.238831 1.289801 1.3134 1.3134 1.332417 1.269578 1.269578 1.302988 1.369407 -9999 -9999 -9999 -9999 -9999 -9999 -9999 -9999 -9999 -9999 -9999 -9999 -9999 -9999 -9999 -9999 -9999
1.16997 1.261941 1.084342 1.084342 1.216807 1.298087 1.298087 1.238982 1.265944 1.265944 1.270381 1.345692 1.34123 1.34123 1.023039 1.155262 1.155262 1.25593 1.251031 1.245723 1.245723 1.244441 1.279402 1.279402 1.300851 1.307091 1.307091 1.13501 1.329184 1.19478 1.19478 1.007715 0.9784809 0.9784809 1.228119 1.259075 1.259075 1.137586 1.074208 1.010622 1.010622 1.163789 1.06815 1.06815 1.015859 1.156316 1.123637 1.123637 1.248366 1.262149 1.262149 1.307997 1.279668 1.279668 -9999 -9999 -9999 -9999 -9999 -9999 -9999 -9999 -9999 -9999 -9999 -9999 -9999 -9999 -9999 -9999 -9999 -9999 -9999
1.182764 1.128353 1.313165 1.313165 1.321775 1.251941 1.251941 1.216437 1.233253 1.233253 1.265229 1.279708 1.350893 1.350893 1.103027 1.026484 1.026484 1.251875 1.41103 1.354814 1.354814 1.299307 1.295777 1.295777 1.367103 1.214727 1.214727 1.091861 0.9401306 0.9543433 0.9543433 1.022013 1.090191 1.090191 1.117964 1.262509 1.262509 1.217893 1.093784 1.180505 1.180505 1.21549 1.233611 1.233611 1.220599 1.13527 1.199563 1.199563 1.252883 1.297796 1.297796 1.27093 -9999 -9999 -9999 -9999 -9999 -9999 -9999 -9999 -9999 -9999 -9999 -9999 -9999 -9999 -9999 -9999 -9999 -9999 -9999 -9999 -9999
1.124413 1.20865 1.248399 1.248399 1.230133 1.26138 1.26138 1.335669 1.28817 1.28817 1.255851 1.27253 1.288807 1.288807 1.177719 1.164948 1.164948 1.208094 1.256536 1.305922 1.305922 1.321154 1.207316 1.207316 1.283994 1.279144 1.279144 1.293303 1.087252 0.9855135 0.9855135 1.047659 1.077666 1.077666 1.116843 1.124301 1.124301 1.221691 1.221691 1.234457 1.234457 1.177567 1.242651 1.242651 1.202718 1.297696 1.256479 1.256479 1.320405 -9999 -9999 -9999 -9999 -9999 -9999 -9999 -9999 -9999 -9999 -9999 -9999 -9999 -9999 -9999 -9999 -9999 -9999 -9999 -9999 -9999 -9999 -9999 -9999
1.124413 1.20865 1.248399 1.248399 1.230133 1.26138 1.26138 1.335669 1.28817 1.28817 1.255851 1.27253 1.288807 1.288807 1.177719 1.164948 1.164948 1.208094 1.256536 1.305922 1.305922 1.321154 1.207316 1.207316 1.283994 1.279144 1.279144 1.293303 1.087252 0.9855135 0.9855135 1.047659 1.077666 1.077666 1.116843 1.124301 1.124301 1.221691 1.221691 1.234457 1.234457 1.177567 1.242651 1.242651 1.202718 1.297696 1.256479 1.256479 1.320405 -9999 -9999 -9999 -9999 -9999 -9999 -9999 -9999 -9999 -9999 -9999 -9999 -9999 -9999 -9999 -9999 -9999 -9999 -9999 -9999 -9999 -9999 -9999 -9999
1.265446 1.191185 1.190983 1.190983 1.234311 1.289295 1.289295 1.321427 1.365449 1.365449 1.428635 1.301163 1.311219 1.311219 1.275487 1.247615 1.247615 1.230198 1.301112 1.232777 1.232777 1.292138 1.320398 1.320398 1.193215 1.286316 1.286316 1.26572 1.075217 1.003347 1.003347 1.146664 1.054562 1.054562 1.157346 1.221602 1.221602 1.191783 1.322442 1.195062 1.195062 1.278783 1.231918 1.231918 -9999 -9999 -9999 -9999 -9999 -9999 -9999 -9999 -9999 -9999 -9999 -9999 -9999 -9999 -9999 -9999 -9999 -9999 -9999 -9999 -9999 -9999 -9999 -9999 -9999 -9999 -9999 -9999 -9999
1.322441 1.308402 1.275177 1.275177 1.27528 1.317042 1.317042 1.317042 1.413358 1.413358 1.359887 1.28111 1.287189 1.287189 1.372868 1.34123 1.34123 1.281978 1.3549 1.369159 1.369159 1.294359 1.3461 1.3461 1.294558 1.220956 1.220956 1.324205 1.01749 1.121791 1.121791 1.272792 1.318803 1.318803 1.217722 1.240174 1.240174 1.303758 1.280792 1.317283 1.317283 1.219543 -9999 -9999 -9999 -9999 -9999 -9999 -9999 -9999 -9999 -9999 -9999 -9999 -9999 -9999 -9999 -9999 -9999 -9999 -9999 -9999 -9999 -9999 -9999 -9999 -9999 -9999 -9999 -9999 -9999 -9999 -9999
1.322441 1.308402 1.275177 1.275177 1.27528 1.317042 1.317042 1.317042 1.413358 1.413358 1.359887 1.28111 1.287189 1.287189 1.372868 1.34123 1.34123 1.281978 1.3549 1.369159 1.369159 1.294359 1.3461 1.3461 1.294558 1.220956 1.220956 1.324205 1.01749 1.121791 1.121791 1.272792 1.318803 1.318803 1.217722 1.240174 1.240174 1.303758 1.280792 1.317283 1.317283 1.219543 -9999 -9999 -9999 -9999 -9999 -9999 -9999 -9999 -9999 -9999 -9999 -9999 -9999 -9999 -9999 -9999 -9999 -9999 -9999 -9999 -9999 -9999 -9999 -9999 -9999 -9999 -9999 -9999 -9999 -9999 -9999
1.390155 1.294404 1.308416 1.308416 1.322713 1.293406 1.293406 1.25666 1.307594 1.307594 1.269918 1.28813 1.124288 1.124288 1.367798 1.391606 1.391606 1.388236 1.280541 1.280541 1.280541 1.304581 1.17887 1.17887 1.238013 1.086734 1.086734 1.30686 1.199826 1.230549 1.230549 1.407 1.372538 1.372538 1.352002 1.280517 1.280517 1.312137 1.341188 1.340781 1.340781 -9999 -9999 -9999 -9999 -9999 -9999 -9999 -9999 -9999 -9999 -9999 -9999 -9999 -9999 -9999 -9999 -9999 -9999 -9999 -9999 -9999 -9999 -9999 -9999 -9999 -9999 -9999 -9999 -9999 -9999 -9999 -9999
1.373813 1.400732 1.366024 1.366024 1.354681 1.229689 1.229689 1.220868 1.359108 1.359108 1.306021 1.326865 1.138264 1.138264 1.261507 1.348179 1.348179 1.352499 1.191237 1.213192 1.213192 1.260574 1.264123 1.264123 1.110268 1.09364 1.09364 1.200591 1.236294 1.338809 1.338809 1.2807 1.2807 1.2807 1.30819 1.347031 1.347031 1.332128 1.37098 1.331535 1.331535 -9999 -9999 -9999 -9999 -9999 -9999 -9999 -9999 -9999 -9999 -9999 -9999 -9999 -9999 -9999 -9999 -9999 -9999 -9999 -9999 -9999 -9999 -9999 -9999 -9999 -9999 -9999 -9999 -9999 -9999 -9999 -9999
1.399624 1.399442 1.393026 1.393026 1.35976 1.379548 1.379548 1.283239 1.08642 1.08642 1.283109 1.245464 1.367169 1.367169 1.283846 1.285174 1.285174 1.280475 1.361208 1.278612 1.278612 1.321097 1.349549 1.349549 1.309846 1.231754 1.231754 1.309757 1.308758 1.318434 1.318434 1.348156 1.303853 1.303853 1.317479 1.27986 1.27986 1.341389 1.330613 -9999 -9999 -9999 -9999 -9999 -9999 -9999 -9999 -9999 -9999 -9999 -9999 -9999 -9999 -9999 -9999 -9999 -9999 -9999 -9999 -9999 -9999 -9999 -9999 -9999 -9999 -9999 -9999 -9999 -9999 -9999 -9999 -9999 -9999
1.399624 1.399442 1.393026 1.393026 1.35976 1.379548 1.379548 1.283239 1.08642 1.08642 1.283109 1.245464 1.367169 1.367169 1.283846 1.285174 1.285174 1.280475 1.361208 1.278612 1.278612 1.321097 1.349549 1.349549 1.309846 1.231754 1.231754 1.309757 1.308758 1.318434 1.318434 1.348156 1.303853 1.303853 1.317479 1.27986 1.27986 1.341389 1.330613 -9999 -9999 -9999 -9999 -9999 -9999 -9999 -9999 -9999 -9999 -9999 -9999 -9999 -9999 -9999 -9999 -9999 -9999 -9999 -9999 -9999 -9999 -9999 -9999 -9999 -9999 -9999 -9999 -9999 -9999 -9999 -9999 -9999 -9999
1.339309 1.351902 1.377276 1.377276 1.306215 1.354942 1.354942 1.109658 1.066522 1.066522 1.171339 1.157658 1.200639 1.200639 1.336775 1.292542 1.292542 1.24534 1.313127 1.067349 1.067349 1.175411 1.291652 1.291652 1.295988 1.319518 1.319518 1.352478 1.322732 1.341389 1.341389 1.332798 1.488841 1.488841 1.401016 1.312237 1.312237 -9999 -9999 -9999 -9999 -9999 -9999 -9999 -9999 -9999 -9999 -9999 -9999 -9999 -9999 -9999 -9999 -9999 -9999 -9999 -9999 -9999 -9999 -9999 -9999 -9999 -9999 -9999 -9999 -9999 -9999 -9999 -9999 -9999 -9999 -9999 -9999
1.40838 1.269323 1.247494 1.247494 1.35445 1.189504 1.189504 1.086257 1.170663 1.170663 1.262794 1.08844 1.225643 1.225643 1.319505 1.293949 1.293949 1.2547 1.305724 1.155412 1.155412 1.187896 1.333982 1.333982 1.295378 1.318711 1.318711 1.390931 1.341687 1.381223 1.381223 1.350912 1.375322 1.375322 1.370155 -9999 -9999 -9999 -9999 -9999 -9999 -9999 -9999 -9999 -9999 -9999 -9999 -9999 -9999 -9999 -9999 -9999 -9999 -9999 -9999 -9999 -9999 -9999 -9999 -9999 -9999 -9999 -9999 -9999 -9999 -9999 -9999 -9999 -9999 -9999 -9999 -9999 -9999
1.40838 1.269323 1.247494 1.247494 1.35445 1.189504 1.189504 1.086257 1.170663 1.170663 1.262794 1.08844 1.225643 1.225643 1.319505 1.293949 1.293949 1.2547 1.305724 1.155412 1.155412 1.187896 1.333982 1.333982 1.295378 1.318711 1.318711 1.390931 1.341687 1.381223 1.381223 1.350912 1.375322 1.375322 1.370155 -9999 -9999 -9999 -9999 -9999 -9999 -9999 -9999 -9999 -9999 -9999 -9999 -9999 -9999 -9999 -9999 -9999 -9999 -9999 -9999 -9999 -9999 -9999 -9999 -9999 -9999 -9999 -9999 -9999 -9999 -9999 -9999 -9999 -9999 -9999 -9999 -9999 -9999
1.416966 1.344155 1.239954 1.239954 1.192533 1.272586 1.272586 1.275924 1.22174 1.22174 1.136595 1.169611 1.265504 1.265504 1.279795 1.251937 1.251937 1.319342 1.332985 1.339585 1.339585 1.291568 1.352851 1.352851 1.356797 1.322827 1.322827 1.345529 1.350708 1.381021 1.381021 1.311527 1.265781 1.265781 1.306901 -9999 -9999 -9999 -9999 -9999 -9999 -9999 -9999 -9999 -9999 -9999 -9999 -9999 -9999 -9999 -9999 -9999 -9999 -9999 -9999 -9999 -9999 -9999 -9999 -9999 -9999 -9999 -9999 -9999 -9999 -9999 -9999 -9999 -9999 -9999 -9999 -9999 -9999
1.142599 1.296669 1.207662 1.207662 1.157771 1.280798 1.280798 1.239832 1.279795 1.279795 1.25444 1.153817 1.294425 1.294425 1.330191 1.264755 1.264755 1.21058 1.328996 1.267344 1.267344 1.402798 1.391237 1.391237 1.312534 1.194339 1.194339 1.265001 1.17269 1.168462 1.168462 -9999 -9999 -9999 -9999 -9999 -9999 -9999 -9999 -9999 -9999 -9999 -9999 -9999 -9999 -9999 -9999 -9999 -9999 -9999 -9999 -9999 -9999 -9999 -9999 -9999 -9999 -9999 -9999 -9999 -9999 -9999 -9999 -9999 -9999 -9999 -9999 -9999 -9999 -9999 -9999 -9999 -9999
1.142599 1.296669 1.207662 1.207662 1.157771 1.280798 1.280798 1.239832 1.279795 1.279795 1.25444 1.153817 1.294425 1.294425 1.330191 1.264755 1.264755 1.21058 1.328996 1.267344 1.267344 1.402798 1.391237 1.391237 1.312534 1.194339 1.194339 1.265001 1.17269 1.168462 1.168462 -9999 -9999 -9999 -9999 -9999 -9999 -9999 -9999 -9999 -9999 -9999 -9999 -9999 -9999 -9999 -9999 -9999 -9999 -9999 -9999 -9999 -9999 -9999 -9999 -9999 -9999 -9999 -9999 -9999 -9999 -9999 -9999 -9999 -9999 -9999 -9999 -9999 -9999 -9999 -9999 -9999 -9999
1.113899 1.167587 1.222109 1.222109 1.207456 1.258418 1.258418 1.290274 1.293079 1.293079 1.265504 1.230406 1.199996 1.199996 1.200057 1.202608 1.202608 1.272367 1.218804 1.352002 1.352002 1.347319 1.341687 1.341687 1.261966 1.274372 1.274372 1.207811 1.278983 -9999 -9999 -9999 -9999 -9999 -9999 -9999 -9999 -9999 -9999 -9999 -9999 -9999 -9999 -9999 -9999 -9999 -9999 -9999 -9999 -9999 -9999 -9999 -9999 -9999 -9999 -9999 -9999 -9999 -9999 -9999 -9999 -9999 -9999 -9999 -9999 -9999 -9999 -9999 -9999 -9999 -9999 -9999 -9999
1.2111 1.245621 1.231497 1.231497 1.285622 1.308728 1.308728 1.294359 1.284426 1.284426 1.275989 1.270994 1.212235 1.212235 1.215266 1.188761 1.188761 1.263797 1.291144 1.366925 1.366925 1.411069 1.346443 1.346443 1.182616 -9999 -9999 -9999 -9999 -9999 -9999 -9999 -9999 -9999 -9999 -9999 -9999 -9999 -9999 -9999 -9999 -9999 -9999 -9999 -9999 -9999 -9999 -9999 -9999 -9999 -9999 -9999 -9999 -9999 -9999 -9999 -9999 -9999 -9999 -9999 -9999 -9999 -9999 -9999 -9999 -9999 -9999 -9999 -9999 -9999 -9999 -9999 -9999
1.082258 1.254277 1.321935 1.321935 1.244131 1.321712 1.321712 1.225374 1.239519 1.239519 1.20239 1.211327 1.279365 1.279365 1.297607 1.255024 1.255024 1.218147 1.272106 1.298773 1.298773 1.32165 1.351315 1.351315 1.260539 -9999 -9999 -9999 -9999 -9999 -9999 -9999 -9999 -9999 -9999 -9999 -9999 -9999 -9999 -9999 -9999 -9999 -9999 -9999 -9999 -9999 -9999 -9999 -9999 -9999 -9999 -9999 -9999 -9999 -9999 -9999 -9999 -9999 -9999 -9999 -9999 -9999 -9999 -9999 -9999 -9999 -9999 -9999 -9999 -9999 -9999 -9999 -9999
1.082258 1.254277 1.321935 1.321935 1.244131 1.321712 1.321712 1.225374 1.239519 1.239519 1.20239 1.211327 1.279365 1.279365 1.297607 1.255024 1.255024 1.218147 1.272106 1.298773 1.298773 1.32165 1.351315 1.351315 1.260539 -9999 -9999 -9999 -9999 -9999 -9999 -9999 -9999 -9999 -9999 -9999 -9999 -9999 -9999 -9999 -9999 -9999 -9999 -9999 -9999 -9999 -9999 -9999 -9999 -9999 -9999 -9999 -9999 -9999 -9999 -9999 -9999 -9999 -9999 -9999 -9999 -9999 -9999 -9999 -9999 -9999 -9999 -9999 -9999 -9999 -9999 -9999 -9999
1.20793 1.145348 1.235604 1.235604 1.257427 1.221023 1.221023 1.297297 1.266804 1.266804 1.212629 1.18409 1.173065 1.173065 1.159946 1.314497 1.314497 1.277398 1.290077 1.317382 1.317382 1.238738 1.238645 1.238645 -9999 -9999 -9999 -9999 -9999 -9999 -9999 -9999 -9999 -9999 -9999 -9999 -9999 -9999 -9999 -9999 -9999 -9999 -9999 -9999 -9999 -9999 -9999 -9999 -9999 -9999 -9999 -9999 -9999 -9999 -9999 -9999 -9999 -9999 -9999 -9999 -9999 -9999 -9999 -9999 -9999 -9999 -9999 -9999 -9999 -9999 -9999 -9999 -9999
1.265431 1.222519 1.220327 1.220327 1.259404 1.213131 1.213131 1.212946 1.281592 1.281592 1.209544 1.175253 1.122081 1.122081 1.267779 1.267432 1.267432 1.317577 1.307703 1.288255 1.288255 -9999 -9999 -9999 -9999 -9999 -9999 -9999 -9999 -9999 -9999 -9999 -9999 -9999 -9999 -9999 -9999 -9999 -9999 -9999 -9999 -9999 -9999 -9999 -9999 -9999 -9999 -9999 -9999 -9999 -9999 -9999 -9999 -9999 -9999 -9999 -9999 -9999 -9999 -9999 -9999 -9999 -9999 -9999 -9999 -9999 -9999 -9999 -9999 -9999 -9999 -9999 -9999
