Spatial_Layers/ebirdoven.txt
ncols         656
nrows         410
xllcorner     -112.45929828886
yllcorner     0.4752094056062
cellsize      0.1
NODATA_value  -9999
[rows 224 to 255 of 410, columns 146 to 218 of 656]
0.6760405 0.6760405 0.6418585 0.5222585 0.5222585 0.3096743 0.5759243 0.5759243 0.9985822 1.785042 2.813095 2.813095 3.105842 3.118487 3.118487 2.536777 1.391439 1.391439 -9999 -9999 -9999 -9999 -9999 -9999 -9999 -9999 -9999 -9999 -9999 -9999 -9999 -9999 -9999 -9999 -9999 -9999 -9999 -9999 -9999 -9999 -9999 -9999 -9999 -9999 -9999 -9999 -9999 -9999 -9999 -9999 -9999 -9999 -9999 -9999 -9999 -9999 -9999 -9999 -9999 -9999 -9999 -9999 -9999 -9999 -9999 -9999 -9999 -9999 -9999 1.321242 1.502948 1.502948 1.578564
0.7823455 0.7823455 0.6590269 0.6006184 0.6006184 0.5104625 0.7281093 0.7281093 1.159076 1.569304 2.830857 2.830857 3.456021 3.32575 3.32575 2.660805 1.865775 1.865775 1.817528 -9999 -9999 -9999 -9999 -9999 -9999 -9999 -9999 -9999 -9999 -9999 -9999 -9999 -9999 -9999 -9999 -9999 -9999 -9999 -9999 -9999 -9999 -9999 -9999 -9999 -9999 -9999 -9999 -9999 -9999 -9999 -9999 -9999 -9999 -9999 -9999 -9999 -9999 -9999 -9999 -9999 -9999 -9999 -9999 -9999 1.757267 1.757267 1.652481 1.499404 1.499404 1.35171 1.59118 1.59118 1.775628
0.8161611 0.8161611 0.6624017 0.6274715 0.6274715 0.71866 1.396118 1.396118 0.9706371 2.517917 2.31793 2.31793 2.655771 3.071006 3.071006 2.854283 2.077404 2.077404 1.770829 1.527081 0 0 -9999 -9999 -9999 -9999 -9999 -9999 -9999 -9999 -9999 -9999 -9999 -9999 -9999 -9999 -9999 -9999 -9999 -9999 -9999 -9999 -9999 -9999 -9999 -9999 -9999 -9999 -9999 -9999 -9999 -9999 -9999 -9999 -9999 -9999 -9999 -9999 -9999 -9999 -9999 -9999 -9999 1.014774 1.498818 1.498818 1.394583 1.463291 1.463291 1.621804 1.660527 1.660527 1.535852
0.8161611 0.8161611 0.6624017 0.6274715 0.6274715 0.71866 1.396118 1.396118 0.9706371 2.517917 2.31793 2.31793 2.655771 3.071006 3.071006 2.854283 2.077404 2.077404 1.770829 1.527081 0 0 -9999 -9999 -9999 -9999 -9999 -9999 -9999 -9999 -9999 -9999 -9999 -9999 -9999 -9999 -9999 -9999 -9999 -9999 -9999 -9999 -9999 -9999 -9999 -9999 -9999 -9999 -9999 -9999 -9999 -9999 -9999 -9999 -9999 -9999 -9999 -9999 -9999 -9999 -9999 -9999 -9999 1.014774 1.498818 1.498818 1.394583 1.463291 1.463291 1.621804 1.660527 1.660527 1.535852
0.9604273 0.9604273 0.7645327 0.7446632 0.7446632 0.6598029 0.7153286 0.7153286 0.785085 1.548328 2.87374 2.87374 2.959717 3.040864 3.040864 2.684007 1.68427 1.68427 1.483924 1.380088 1.177208 1.177208 1.194431 1.119331 1.119331 1.323248 1.22465 1.22465 -9999 -9999 -9999 -9999 -9999 -9999 -9999 -9999 -9999 -9999 -9999 -9999 -9999 -9999 -9999 -9999 -9999 -9999 -9999 -9999 -9999 -9999 -9999 -9999 -9999 1.181192 1.181192 1.302392 1.340261 1.014694 1.014694 1.014933 0 0 -9999 -9999 -9999 -9999 1.34047 1.550796 1.550796 1.72548 1.680633 1.680633 1.403417
1.094632 1.094632 1.010469 1.080814 1.080814 0.8050601 0.5436898 0.5436898 0.8138342 1.213428 1.895135 1.895135 3.263532 3.220353 3.220353 2.579038 2.018672 2.018672 1.862678 1.809763 1.399956 1.399956 1.033907 1.460045 1.460045 1.30006 1.107626 1.107626 1.064379 -9999 -9999 -9999 -9999 -9999 -9999 -9999 -9999 -9999 -9999 -9999 -9999 -9999 -9999 -9999 -9999 -9999 -9999 -9999 -9999 -9999 -9999 -9999 1.246856 1.203365 1.203365 1.212273 1.247244 1.270168 1.270168 1.243407 1.015784 1.015784 -9999 1.664593 -9999 -9999 1.565579 1.561701 1.561701 1.594619 1.662805 1.662805 1.551329
1.351685 1.351685 1.06386 1.212078 1.212078 1.257441 1.385019 1.385019 0.6416218 0.9609978 1.42535 1.42535 1.740081 1.674786 1.674786 1.916485 1.99056 1.99056 1.836653 1.925378 1.468042 1.468042 1.451781 1.586518 1.586518 1.845532 1.713946 1.713946 1.167203 1.035164 1.336784 1.336784 -9999 -9999 -9999 -9999 -9999 -9999 -9999 -9999 1.049269 1.049269 -9999 1.623287 1.623287 1.384545 1.354862 1.28381 1.28381 1.390094 1.185651 1.185651 1.246953 1.194061 1.194061 1.12286 1.215821 1.087031 1.087031 1.194061 1.36908 1.36908 1.435128 1.588609 1.690365 1.690365 1.569626 1.747876 1.747876 1.705454 1.506075 1.506075 1.518707
1.351685 1.351685 1.06386 1.212078 1.212078 1.257441 1.385019 1.385019 0.6416218 0.9609978 1.42535 1.42535 1.740081 1.674786 1.674786 1.916485 1.99056 1.99056 1.836653 1.925378 1.468042 1.468042 1.451781 1.586518 1.586518 1.845532 1.713946 1.713946 1.167203 1.035164 1.336784 1.336784 -9999 -9999 -9999 -9999 -9999 -9999 -9999 -9999 1.049269 1.049269 -9999 1.623287 1.623287 1.384545 1.354862 1.28381 1.28381 1.390094 1.185651 1.185651 1.246953 1.194061 1.194061 1.12286 1.215821 1.087031 1.087031 1.194061 1.36908 1.36908 1.435128 1.588609 1.690365 1.690365 1.569626 1.747876 1.747876 1.705454 1.506075 1.506075 1.518707
1.259198 1.259198 1.040371 1.101378 1.101378 1.525387 1.452814 1.452814 1.351506 0.7526773 1.026829 1.026829 1.61133 1.528523 1.528523 1.782274 1.712638 1.712638 1.590276 1.678198 1.683381 1.683381 1.538733 1.356204 1.356204 1.734781 1.738818 1.738818 1.525044 1.414872 1.696728 1.696728 -9999 -9999 -9999 -9999 -9999 1.221424 1.221424 1.257598 1.252044 1.252044 1.186104 1.198845 1.198845 1.238831 1.177832 1.152234 1.152234 1.216198 1.225016 1.225016 1.321242 1.189663 1.189663 0.9931746 0.9511209 1.099044 1.099044 1.279279 1.256092 1.256092 1.297796 1.48313 1.607949 1.607949 1.603158 1.670793 1.670793 1.503435 1.461254 1.461254 1.526075
1.426501 1.426501 1.208392 1.509752 1.509752 0.8552214 1.719285 1.719285 1.75549 0.7533668 0.7444506 0.7444506 0.8847136 1.37316 1.37316 1.576785 1.475156 1.475156 1.513544 1.40825 1.661205 1.661205 1.148849 1.515091 1.515091 1.442511 1.909689 1.909689 1.791932 1.550157 1.648766 1.648766 1.375839 1.071852 1.071852 1.241259 1.255728 1.156666 1.156666 1.160851 1.20772 1.20772 1.270836 1.376042 1.376042 1.347031 1.230279 1.148167 1.148167 1.111274 1.211813 1.211813 1.311732 1.20707 1.20707 1.321036 1.168371 0.9479112 0.9479112 1.321036 1.384976 1.384976 1.415535 1.549304 1.650157 1.650157 1.593675 1.646433 1.646433 1.541633 1.597808 1.597808 1.477795
1.426501 1.426501 1.208392 1.509752 1.509752 0.8552214 1.719285 1.719285 1.75549 0.7533668 0.7444506 0.7444506 0.8847136 1.37316 1.37316 1.576785 1.475156 1.475156 1.513544 1.40825 1.661205 1.661205 1.148849 1.515091 1.515091 1.442511 1.909689 1.909689 1.791932 1.550157 1.648766 1.648766 1.375839 1.071852 1.071852 1.241259 1.255728 1.156666 1.156666 1.160851 1.20772 1.20772 1.270836 1.376042 1.376042 1.347031 1.230279 1.148167 1.148167 1.111274 1.211813 1.211813 1.311732 1.20707 1.20707 1.321036 1.168371 0.9479112 0.9479112 1.321036 1.384976 1.384976 1.415535 1.549304 1.650157 1.650157 1.593675 1.646433 1.646433 1.541633 1.597808 1.597808 1.477795
1.539362 1.539362 1.148489 1.046224 1.046224 0.9456638 1.563118 1.563118 2.00706 2.298886 0.8979837 0.8979837 0.9572065 1.028366 1.028366 1.209861 1.492798 1.492798 1.497252 1.381163 1.228732 1.228732 1.163964 1.629102 1.629102 1.684288 1.848164 1.848164 1.693725 1.730054 1.451261 1.451261 1.298869 1.274861 1.274861 1.20515 1.277673 1.144028 1.144028 1.143941 1.234272 1.234272 1.322345 1.448146 1.448146 1.30857 1.182786 1.127788 1.127788 1.011742 1.179346 1.179346 1.229259 1.029703 1.029703 1.168462 1.111189 0.8752998 0.8752998 1.071522 1.415427 1.415427 1.446876 1.422528 1.592777 1.592777 1.681561 1.778298 1.778298 1.657012 1.486847 1.486847 1.745998
1.402365 1.402365 1.327864 0.7499965 0.7499965 0.7518754 0.973042 0.973042 1.843239 2.434016 0.5094541 0.5094541 0.9374171 1.162997 1.162997 1.099016 1.116339 1.116339 1.301312 1.380415 1.29223 1.29223 1.483904 1.603951 1.603951 1.545201 1.831642 1.831642 1.533522 1.353395 1.038115 1.038115 0.918009 1.064459 1.064459 1.023597 1.054774 1.076216 1.076216 1.053066 1.338452 1.338452 1.306222 1.184399 1.184399 1.176395 1.183774 1.128287 1.128287 1.103774 1.24026 1.24026 1.205018 1.230369 1.230369 0.9582385 1.111443 0.9935581 0.9935581 0.7210585 1.095251 1.095251 1.265781 1.284395 1.433041 1.433041 1.503434 1.398747 1.398747 1.344849 1.645193 1.645193 1.516417
1.402365 1.402365 1.327864 0.7499965 0.7499965 0.7518754 0.973042 0.973042 1.843239 2.434016 0.5094541 0.5094541 0.9374171 1.162997 1.162997 1.099016 1.116339 1.116339 1.301312 1.380415 1.29223 1.29223 1.483904 1.603951 1.603951 1.545201 1.831642 1.831642 1.533522 1.353395 1.038115 1.038115 0.918009 1.064459 1.064459 1.023597 1.054774 1.076216 1.076216 1.053066 1.338452 1.338452 1.306222 1.184399 1.184399 1.176395 1.183774 1.128287 1.128287 1.103774 1.24026 1.24026 1.205018 1.230369 1.230369 0.9582385 1.111443 0.9935581 0.9935581 0.7210585 1.095251 1.095251 1.265781 1.284395 1.433041 1.433041 1.503434 1.398747 1.398747 1.344849 1.645193 1.645193 1.516417
1.609263 1.609263 1.118993 0.7938229 0.7938229 0.6260004 0.7227643 0.7227643 1.084476 2.084973 1.136907 1.136907 0.431423 0.6802391 0.6802391 1.070603 1.130774 1.130774 1.295663 1.337665 1.465402 1.465402 1.559228 1.665726 1.665726 1.66252 1.623491 1.623491 1.345875 1.26233 1.116208 1.116208 1.080817 1.217549 1.217549 1.218561 1.161281 1.218479 1.218479 1.212368 1.29682 1.29682 1.307688 1.193366 1.193366 1.224742 1.24113 1.174273 1.174273 1.170453 1.153256 1.153256 1.100356 1.131612 1.131612 1.004383 1.140827 1.27515 1.27515 1.296575 1.170857 1.170857 0.9056278 1.081638 1.320287 1.320287 1.487883 1.398658 1.398658 1.463179 1.500322 1.500322 1.624843
0.7795497 0.7795497 1.086851 0.6344502 0.6344502 0.7601575 0.7159651 0.7159651 0.9642055 1.339889 0.6890709 0.6890709 1.198947 0.4231622 0.4231622 0.7138025 0.7870537 0.7870537 1.124459 1.219752 1.385031 1.385031 1.433427 1.325894 1.325894 1.360841 1.377592 1.377592 1.311897 1.27353 1.18253 1.18253 1.218147 1.205101 1.205101 1.237939 1.149665 1.223295 1.223295 1.272708 1.255289 1.255289 1.262913 1.165935 1.165935 1.238141 1.275229 1.268215 1.268215 1.210858 1.142967 1.142967 1.156105 1.158705 1.158705 1.153022 1.084054 1.203287 1.203287 1.247189 1.37664 1.37664 1.23553 1.165483 1.257779 1.257779 1.482967 1.379942 1.379942 1.562501 1.57219 1.57219 1.584359
0.654516 0.654516 0.7391772 0.4303779 0.4303779 0.7726784 0.7391378 0.7391378 1.208392 1.34651 0.6080658 0.6080658 0.9382039 0.6305737 0.6305737 0.5417333 0.9579424 0.9579424 0.8738506 1.149948 1.340629 1.340629 1.351861 1.221158 1.221158 1.233129 1.27032 1.27032 1.356862 1.346248 1.321235 1.321235 1.328662 1.310063 1.310063 1.271366 1.184051 1.27032 1.27032 1.315778 1.273873 1.273873 1.325505 1.231266 1.231266 1.275735 1.318203 1.304495 1.304495 1.306188 1.180697 1.180697 1.166475 0.9510763 0.9510763 1.033892 1.165578 1.096818 1.096818 1.17413 1.159739 1.159739 1.216551 1.249475 1.347002 1.347002 1.389199 1.429927 1.429927 1.538739 1.554445 1.554445 1.577702
0.654516 0.654516 0.7391772 0.4303779 0.4303779 0.7726784 0.7391378 0.7391378 1.208392 1.34651 0.6080658 0.6080658 0.9382039 0.6305737 0.6305737 0.5417333 0.9579424 0.9579424 0.8738506 1.149948 1.340629 1.340629 1.351861 1.221158 1.221158 1.233129 1.27032 1.27032 1.356862 1.346248 1.321235 1.321235 1.328662 1.310063 1.310063 1.271366 1.184051 1.27032 1.27032 1.315778 1.273873 1.273873 1.325505 1.231266 1.231266 1.275735 1.318203 1.304495 1.304495 1.306188 1.180697 1.180697 1.166475 0.9510763 0.9510763 1.033892 1.165578 1.096818 1.096818 1.17413 1.159739 1.159739 1.216551 1.249475 1.347002 1.347002 1.389199 1.429927 1.429927 1.538739 1.554445 1.554445 1.577702
0.8809465 0.8809465 0.7080818 1.017725 1.017725 0.7400518 1.221918 1.221918 0.9850618 1.229246 0.8436789 0.8436789 0.7365341 0.6386991 0.6386991 0.6781787 1.1473 1.1473 0.8176355 0.9953232 1.310704 1.310704 1.282081 1.301553 1.301553 1.326389 1.308402 1.308402 1.429839 1.356325 1.323931 1.323931 1.293308 1.261908 1.261908 1.218709 1.190604 1.123878 1.123878 1.178283 1.248599 1.248599 1.303493 1.296816 1.296816 1.224684 1.277099 1.17984 1.17984 1.158569 0.9682057 0.9682057 1.000722 0.9679722 0.9679722 0.9747086 1.148677 1.111536 1.111536 1.140793 1.180655 1.180655 1.213717 1.212396 1.247259 1.247259 1.257662 1.220885 1.220885 1.473061 1.521403 1.521403 1.577967
0.4180893 0.4180893 0.4064476 1.283527 1.283527 1.464109 1.050437 1.050437 0.8144007 0.9298238 1.334354 1.334354 1.032396 0.3342886 0.3342886 0.5015375 1.344888 1.344888 0.3825729 0.4571959 1.249418 1.249418 1.046089 1.003718 1.003718 1.031136 1.216734 1.216734 1.449729 1.351865 1.275586 1.275586 1.177574 1.115471 1.115471 1.100761 1.180074 1.02836 1.02836 1.236698 1.423896 1.423896 1.241304 1.225862 1.225862 1.022351 1.321471 2.554673 2.554673 0.9645022 1.097897 1.097897 1.119818 1.187065 1.187065 0.8810349 1.11558 1.122679 1.122679 1.073946 1.022006 1.022006 1.104422 1.225567 1.248101 1.248101 1.192584 1.182258 1.182258 1.421723 1.572001 1.572001 1.517521
0.4180893 0.4180893 0.4064476 1.283527 1.283527 1.464109 1.050437 1.050437 0.8144007 0.9298238 1.334354 1.334354 1.032396 0.3342886 0.3342886 0.5015375 1.344888 1.344888 0.3825729 0.4571959 1.249418 1.249418 1.046089 1.003718 1.003718 1.031136 1.216734 1.216734 1.449729 1.351865 1.275586 1.275586 1.177574 1.115471 1.115471 1.100761 1.180074 1.02836 1.02836 1.236698 1.423896 1.423896 1.241304 1.225862 1.225862 1.022351 1.321471 2.554673 2.554673 0.9645022 1.097897 1.097897 1.119818 1.187065 1.187065 0.8810349 1.11558 1.122679 1.122679 1.073946 1.022006 1.022006 1.104422 1.225567 1.248101 1.248101 1.192584 1.182258 1.182258 1.421723 1.572001 1.572001 1.517521
1.220533 1.220533 0.680557 0.5356615 0.5356615 1.234866 1.251215 1.251215 0.9722272 0.5215185 0.9929172 0.9929172 1.343326 1.328358 1.328358 0.6322913 1.00228 1.00228 0.9191182 1.13489 1.045364 1.045364 1.001013 1.15338 1.15338 1.035684 1.07878 1.07878 1.337162 1.2484 1.264981 1.264981 1.180312 1.127292 1.127292 1.086756 1.116726 1.121233 1.121233 1.115252 1.322012 1.322012 1.152382 1.18225 1.18225 1.307855 1.402941 2.570418 2.570418 1.103221 0.7376741 0.7376741 0.8723605 0.8818207 0.8818207 1.202061 0.8732568 1.32475 1.32475 1.264342 1.371843 1.371843 1.002344 1.198135 1.206613 1.206613 1.210265 1.178147 1.178147 1.211769 1.313376 1.313376 1.442688
1.29227 1.29227 0.6235563 1.90286 1.90286 0.8282313 0.8667676 0.8667676 0.5653542 1.08691 1.093587 1.093587 1.392858 1.361918 1.361918 1.500331 1.22077 1.22077 1.685911 2.329201 1.595052 1.595052 1.430915 1.103101 1.103101 0.9237259 1.076394 1.076394 2.077459 1.826446 1.736851 1.736851 1.382457 0.9782523 0.9782523 0.9854997 1.59641 1.28886 1.28886 2.025586 2.096324 2.096324 1.765487 1.326489 1.326489 1.248754 1.738757 1.923877 1.923877 1.587026 0.5373572 0.5373572 0.6698403 0.7014726 0.7014726 0.9650121 1.15788 1.387952 1.387952 1.400863 1.411455 1.411455 1.252669 1.192339 1.128068 1.128068 1.19498 1.144737 1.144737 1.156217 1.410233 1.410233 1.537715
1.427678 1.427678 1.835797 1.496653 1.496653 0.6464205 0.7403411 0.7403411 1.463368 1.262355 1.133009 1.133009 1.109995 1.656144 1.656144 1.483448 1.628049 1.628049 2.019306 1.741988 1.947155 1.947155 2.641867 2.624969 2.624969 2.752215 2.621138 2.621138 2.936901 2.83403 3.14109 3.14109 2.814246 2.156716 2.156716 2.255942 1.65082 1.629002 1.629002 2.245236 2.652838 2.652838 2.503172 2.320878 2.320878 2.777326 2.782888 2.717148 2.717148 1.606111 0.8237287 0.8237287 0.7368936 0.6430236 0.6430236 1.054146 1.065873 0.8102325 0.8102325 1.078511 1.17948 1.17948 1.124279 1.111938 1.128379 1.128379 1.059794 1.14436 1.14436 1.151178 1.189981 1.189981 1.269533
1.427678 1.427678 1.835797 1.496653 1.496653 0.6464205 0.7403411 0.7403411 1.463368 1.262355 1.133009 1.133009 1.109995 1.656144 1.656144 1.483448 1.628049 1.628049 2.019306 1.741988 1.947155 1.947155 2.641867 2.624969 2.624969 2.752215 2.621138 2.621138 2.936901 2.83403 3.14109 3.14109 2.814246 2.156716 2.156716 2.255942 1.65082 1.629002 1.629002 2.245236 2.652838 2.652838 2.503172 2.320878 2.320878 2.777326 2.782888 2.717148 2.717148 1.606111 0.8237287 0.8237287 0.7368936 0.6430236 0.6430236 1.054146 1.065873 0.8102325 0.8102325 1.078511 1.17948 1.17948 1.124279 1.111938 1.128379 1.128379 1.059794 1.14436 1.14436 1.151178 1.189981 1.189981 1.269533
1.320904 1.320904 1.499234 1.935579 1.935579 2.082893 0.9528348 0.9528348 0.9785975 1.110349 1.326154 1.326154 1.363096 1.28124 1.28124 1.353262 1.677271 1.677271 1.878307 2.147898 1.82037 1.82037 2.182434 2.16973 2.16973 2.539118 2.459378 2.459378 1.828135 2.004429 2.394169 2.394169 2.661629 2.539385 2.539385 2.76299 1.690349 2.214997 2.214997 2.097927 2.157231 2.157231 2.477126 1.865085 1.865085 2.124612 2.644689 2.739315 2.739315 2.866636 2.525524 2.525524 2.367773 1.597354 1.597354 0.7636236 0.6211835 0.99492 0.99492 0.9187034 1.061359 1.061359 1.097616 1.183232 1.238413 1.238413 0.9953738 1.174251 1.174251 1.150373 1.139723 1.139723 1.151607
1.364584 1.364584 2.129364 2.009193 2.009193 2.249171 1.303636 1.303636 1.473264 1.365633 1.327753 1.327753 1.268233 1.306421 1.306421 0.8335337 0.5477836 0.5477836 1.948799 1.815111 2.29549 2.29549 2.304587 2.720541 2.720541 2.675488 2.294984 2.294984 1.562373 -9999 2.342999 2.342999 2.195954 2.162381 2.162381 2.362549 2.365966 2.226696 2.226696 1.849744 2.150613 2.150613 2.014341 2.489953 2.489953 2.44978 2.521407 2.722993 2.722993 2.883264 2.721809 2.721809 2.815891 2.205492 2.205492 1.088936 1.11459 1.175981 1.175981 1.465364 0.994478 0.994478 1.039573 1.152682 1.239464 1.239464 1.124163 1.143723 1.143723 1.144502 1.102759 1.102759 1.056177
1.364584 1.364584 2.129364 2.009193 2.009193 2.249171 1.303636 1.303636 1.473264 1.365633 1.327753 1.327753 1.268233 1.306421 1.306421 0.8335337 0.5477836 0.5477836 1.948799 1.815111 2.29549 2.29549 2.304587 2.720541 2.720541 2.675488 2.294984 2.294984 1.562373 -9999 2.342999 2.342999 2.195954 2.162381 2.162381 2.362549 2.365966 2.226696 2.226696 1.849744 2.150613 2.150613 2.014341 2.489953 2.489953 2.44978 2.521407 2.722993 2.722993 2.883264 2.721809 2.721809 2.815891 2.205492 2.205492 1.088936 1.11459 1.175981 1.175981 1.465364 0.994478 0.994478 1.039573 1.152682 1.239464 1.239464 1.124163 1.143723 1.143723 1.144502 1.102759 1.102759 1.056177
2.706451 2.706451 2.879097 2.499312 2.499312 1.05753 1.243322 1.243322 1.004819 0.9327423 1.123346 1.123346 0.8459132 0.6826942 0.6826942 0.4453562 0.4186297 0.4186297 1.3799 1.977196 2.237141 2.237141 2.105372 2.666317 2.666317 2.744048 2.017341 2.017341 1.745429 -9999 -9999 -9999 1.472569 1.483587 1.483587 1.582882 1.916844 2.723961 2.723961 2.678188 2.538587 2.538587 1.407427 2.435549 2.435549 2.602964 2.666071 2.502037 2.502037 2.731245 2.707166 2.707166 2.592807 2.113688 2.113688 2.095235 1.561895 1.466045 1.466045 1.515073 0.8641552 0.8641552 0.9954201 1.109203 1.15988 1.15988 1.036981 1.12846 1.12846 1.120085 1.112007 1.112007 1.10312
2.323364 2.323364 2.951127 2.210792 2.210792 1.278212 1.466563 1.466563 1.205998 1.095253 1.503083 1.503083 0.8998666 0.6961734 0.6961734 0.937604 1.064481 1.064481 1.111391 1.583633 2.236039 2.236039 2.844939 2.831034 2.831034 2.48558 -9999 -9999 -9999 -9999 -9999 -9999 -9999 -9999 -9999 -9999 1.307406 2.068054 2.068054 2.634275 2.52517 2.52517 1.140258 1.829767 1.829767 2.437006 2.364489 2.134893 2.134893 2.496213 1.686568 1.686568 2.079979 2.897788 2.897788 2.650207 2.284651 1.722184 1.722184 1.289378 0.9530264 0.9530264 0.8510575 1.012972 1.056615 1.056615 1.092589 1.174197 1.174197 1.148765 1.161571 1.161571 1.022951
2.323364 2.323364 2.951127 2.210792 2.210792 1.278212 1.466563 1.466563 1.205998 1.095253 1.503083 1.503083 0.8998666 0.6961734 0.6961734 0.937604 1.064481 1.064481 1.111391 1.583633 2.236039 2.236039 2.844939 2.831034 2.831034 2.48558 -9999 -9999 -9999 -9999 -9999 -9999 -9999 -9999 -9999 -9999 1.307406 2.068054 2.068054 2.634275 2.52517 2.52517 1.140258 1.829767 1.829767 2.437006 2.364489 2.134893 2.134893 2.496213 1.686568 1.686568 2.079979 2.897788 2.897788 2.650207 2.284651 1.722184 1.722184 1.289378 0.9530264 0.9530264 0.8510575 1.012972 1.056615 1.056615 1.092589 1.174197 1.174197 1.148765 1.161571 1.161571 1.022951
1.917578 1.917578 2.031507 2.513635 2.513635 2.185398 1.970663 1.970663 1.907022 1.65852 1.586362 1.586362 1.032164 1.142917 1.142917 1.255744 1.463584 1.463584 1.530631 1.665354 2.167128 2.167128 3.249815 -9999 -9999 -9999 -9999 -9999 -9999 -9999 -9999 -9999 -9999 -9999 -9999 -9999 -9999 -9999 -9999 -9999 2.338991 2.338991 1.917262 1.728849 1.728849 1.501728 1.844462 1.829807 1.829807 2.144533 2.274927 2.274927 1.926165 2.684624 2.684624 2.602343 2.43234 2.851959 2.851959 2.907283 1.434639 1.434639 0.7819885 0.5478659 0.7931641 0.7931641 1.128438 1.18684 1.18684 1.132361 1.112295 1.112295 1.076247
