Spatial_Layers/ebirdoven.txt
ncols         656
nrows         410
xllcorner     -112.45929828886
yllcorner     0.4752094056062
cellsize      0.1
NODATA_value  -9999
[rows 192 to 223 of 410, columns 73 to 145 of 656]
2.087777 1.656116 1.277016 1.277016 1.096964 1.586972 1.586972 1.580958 1.310208 1.299429 1.299429 0.7118971 0.9572086 0.9572086 0.9614504 0.8497668 0.8497668 0.9680321 0.9344082 0.9515926 0.9515926 0.8009272 0.8284655 0.8284655 0.7663503 0.6743602 0.6743602 0.6349356 0.6975493 0.6691754 0.6691754 0.6255283 0.5528271 0.5528271 0.6208639 0.621351 0.621351 0.5694263 0.6440862 0.595837 0.595837 0.7017013 0.7229131 0.7229131 0.8242729 0.9535069 1.299204 1.299204 1.413528 1.278409 1.278409 1.033287 1.064807 1.064807 1.157819 1.151976 1.400139 1.400139 1.456191 1.8348 1.8348 2.029998 1.732244 1.732244 1.766405 1.706032 1.596826 1.596826 1.660599 1.414989 1.414989 1.548947 1.355388
1.016591 1.8916 1.938481 1.938481 1.267351 1.777516 1.777516 1.344919 1.500475 0.9614863 0.9614863 1.347375 0.9915716 0.9915716 0.9063826 0.9880775 0.9880775 0.9617761 0.9796469 0.8545536 0.8545536 0.6766987 0.9336913 0.9336913 0.6033286 0.7306119 0.7306119 0.6899074 0.717871 0.6818846 0.6818846 0.6705319 0.6481031 0.6481031 0.6449821 0.6471259 0.6471259 0.5508996 0.6480591 0.5934098 0.5934098 0.6025543 0.7279332 0.7279332 0.7364269 1.038194 1.044266 1.044266 1.475865 1.558265 1.558265 1.017782 1.111013 1.111013 1.197427 1.231362 1.357081 1.357081 1.639299 1.859078 1.859078 2.003947 1.847364 1.847364 1.821432 1.627035 1.243955 1.243955 1.132037 1.516662 1.516662 1.449246 1.478011
1.016591 1.8916 1.938481 1.938481 1.267351 1.777516 1.777516 1.344919 1.500475 0.9614863 0.9614863 1.347375 0.9915716 0.9915716 0.9063826 0.9880775 0.9880775 0.9617761 0.9796469 0.8545536 0.8545536 0.6766987 0.9336913 0.9336913 0.6033286 0.7306119 0.7306119 0.6899074 0.717871 0.6818846 0.6818846 0.6705319 0.6481031 0.6481031 0.6449821 0.6471259 0.6471259 0.5508996 0.6480591 0.5934098 0.5934098 0.6025543 0.7279332 0.7279332 0.7364269 1.038194 1.044266 1.044266 1.475865 1.558265 1.558265 1.017782 1.111013 1.111013 1.197427 1.231362 1.357081 1.357081 1.639299 1.859078 1.859078 2.003947 1.847364 1.847364 1.821432 1.627035 1.243955 1.243955 1.132037 1.516662 1.516662 1.449246 1.478011
1.739607 1.828023 1.449237 1.449237 1.691694 1.785065 1.785065 1.48926 1.437865 1.181536 1.181536 1.63747 1.303214 1.303214 0.9694005 0.8791289 0.8791289 0.9695758 0.9586447 0.679502 0.679502 0.6902558 0.5793957 0.5793957 0.9655949 0.8647388 0.8647388 0.7384967 0.6969086 0.6649997 0.6649997 0.6527126 0.5561351 0.5561351 0.6437157 0.6035531 0.6035531 0.5960202 0.6981906 0.6211402 0.6211402 0.4479161 0.7688763 0.7688763 0.7413111 0.8193251 0.8373678 0.8373678 0.9281127 1.277819 1.277819 1.044647 1.099148 1.099148 1.247977 1.428874 1.414956 1.414956 1.799076 1.912068 1.912068 1.907025 1.632922 1.632922 1.4173 1.490389 1.243955 1.243955 1.567352 1.70159 1.70159 1.49743 1.61756
1.468905 1.683178 1.690961 1.690961 1.74754 2.018866 2.018866 1.089516 0.929377 1.378717 1.378717 1.410657 0.8163515 0.8163515 1.099076 0.8972452 0.8972452 0.8640206 1.025192 0.7974492 0.7974492 1.089975 0.9646986 0.9646986 0.6642647 0.7387038 0.7387038 0.8170863 0.6801978 0.6938465 0.6938465 0.6369793 0.6619031 0.6619031 0.5022169 0.6161122 0.6161122 0.6345146 0.5530159 0.5234492 0.5234492 0.7020617 0.7397084 0.7397084 0.7921917 1.032126 0.8132259 0.8132259 1.235535 1.319786 1.319786 1.527469 1.35082 1.35082 1.456833 1.54244 1.433708 1.433708 1.612386 1.886352 1.886352 1.756601 1.603803 1.603803 1.504567 1.616468 1.502244 1.502244 1.666536 1.70073 1.70073 1.592364 1.477174
1.468905 1.683178 1.690961 1.690961 1.74754 2.018866 2.018866 1.089516 0.929377 1.378717 1.378717 1.410657 0.8163515 0.8163515 1.099076 0.8972452 0.8972452 0.8640206 1.025192 0.7974492 0.7974492 1.089975 0.9646986 0.9646986 0.6642647 0.7387038 0.7387038 0.8170863 0.6801978 0.6938465 0.6938465 0.6369793 0.6619031 0.6619031 0.5022169 0.6161122 0.6161122 0.6345146 0.5530159 0.5234492 0.5234492 0.7020617 0.7397084 0.7397084 0.7921917 1.032126 0.8132259 0.8132259 1.235535 1.319786 1.319786 1.527469 1.35082 1.35082 1.456833 1.54244 1.433708 1.433708 1.612386 1.886352 1.886352 1.756601 1.603803 1.603803 1.504567 1.616468 1.502244 1.502244 1.666536 1.70073 1.70073 1.592364 1.477174
1.142746 1.803983 2.033218 2.033218 1.720125 1.829841 1.829841 1.451266 0.926874 1.429449 1.429449 1.119315 1.202015 1.202015 1.246929 0.8206236 0.8206236 1.005093 0.8113658 1.218632 1.218632 1.097488 0.9077281 0.9077281 0.7493922 0.8495954 0.8495954 0.7868457 0.7380346 0.5964115 0.5964115 0.613256 0.6769163 0.6769163 0.6213946 0.5121998 0.5121998 0.621351 0.5765237 0.6798451 0.6798451 0.702323 0.6829409 0.6829409 0.727591 0.891557 0.9382535 0.9382535 1.357008 1.394411 1.394411 1.263996 1.578836 1.578836 1.579075 1.641403 1.663425 1.663425 1.821143 1.644526 1.644526 1.36919 1.431807 1.431807 1.50254 1.351266 1.553695 1.553695 1.599732 1.659904 1.659904 1.435363 1.444261
1.553303 0.6965701 2.021923 2.021923 1.534909 2.169456 2.169456 2.00886 1.341383 1.37079 1.37079 1.029922 1.625502 1.625502 1.016588 0.9298529 0.9298529 0.952338 0.8588671 1.228226 1.228226 1.068893 1.029413 1.029413 0.8933921 0.7980203 0.7980203 0.810444 0.7766416 0.830385 0.830385 0.794485 0.8235112 0.8235112 0.742604 0.6571847 0.6571847 0.4932127 0.6077157 0.657049 0.657049 0.7054182 0.6863326 0.6863326 0.5321224 0.8066414 1.021539 1.021539 1.259588 1.33744 1.33744 1.40935 1.509576 1.509576 1.71891 1.423167 1.754162 1.754162 1.45274 1.239908 1.239908 1.091965 1.490461 1.490461 1.417178 1.463562 1.435012 1.435012 1.556867 1.616459 1.616459 1.415194 1.397551
1.553303 0.6965701 2.021923 2.021923 1.534909 2.169456 2.169456 2.00886 1.341383 1.37079 1.37079 1.029922 1.625502 1.625502 1.016588 0.9298529 0.9298529 0.952338 0.8588671 1.228226 1.228226 1.068893 1.029413 1.029413 0.8933921 0.7980203 0.7980203 0.810444 0.7766416 0.830385 0.830385 0.794485 0.8235112 0.8235112 0.742604 0.6571847 0.6571847 0.4932127 0.6077157 0.657049 0.657049 0.7054182 0.6863326 0.6863326 0.5321224 0.8066414 1.021539 1.021539 1.259588 1.33744 1.33744 1.40935 1.509576 1.509576 1.71891 1.423167 1.754162 1.754162 1.45274 1.239908 1.239908 1.091965 1.490461 1.490461 1.417178 1.463562 1.435012 1.435012 1.556867 1.616459 1.616459 1.415194 1.397551
1.734476 1.383915 1.755984 1.755984 1.88655 2.062943 2.062943 2.007487 1.359372 1.39056 1.39056 1.543163 1.00033 1.00033 0.971063 1.031962 1.031962 1.02849 1.003302 1.320109 1.320109 0.9122492 1.055166 1.055166 0.838726 0.8964225 0.8964225 0.8001404 0.7149049 0.7994042 0.7994042 0.7790629 0.6915554 0.6915554 0.72589 0.5842852 0.5842852 0.5598024 0.7519895 0.705935 0.705935 0.7639912 0.6778139 0.6778139 0.6677047 0.7048385 0.7167286 0.7167286 0.9085447 0.6825058 0.6825058 1.40212 1.243038 1.243038 1.450962 1.844829 1.485933 1.485933 1.775436 0.8107634 0.8107634 1.124453 1.386496 1.386496 1.446935 1.508611 1.394312 1.394312 1.470643 1.533135 1.533135 1.468706 1.385175
1.343258 1.586969 1.660627 1.660627 1.410632 1.490003 1.490003 1.621161 0.955568 1.727597 1.727597 0.9899837 0.9971462 0.9971462 1.503899 1.207444 1.207444 1.158424 1.509682 1.301213 1.301213 1.07369 0.9536486 0.9536486 0.8678597 0.9140323 0.9140323 0.7944053 0.7662006 0.7998553 0.7998553 0.7605516 0.8005388 0.8005388 0.7837512 0.8163711 0.8163711 0.6440347 0.7295207 0.732904 0.732904 0.6605687 0.68579 0.68579 0.6597767 0.573226 0.6197447 0.6197447 0.7772921 0.8241243 0.8241243 0.9752912 1.332396 1.332396 0.7323224 1.395163 1.971692 1.971692 1.907162 1.210451 1.210451 1.18429 1.336333 1.336333 1.400579 1.539496 1.421973 1.421973 1.361025 1.308793 1.308793 1.404863 1.112236
1.501925 1.951802 2.020756 2.020756 2.06087 1.734677 1.734677 1.588326 1.513192 1.400608 1.400608 1.764806 1.745786 1.745786 1.113256 1.03452 1.03452 1.479693 1.236571 1.018707 1.018707 1.173345 1.038308 1.038308 0.9929789 0.8558028 0.8558028 0.727749 0.737825 0.8365976 0.8365976 0.7384619 0.7760599 0.7760599 0.7074289 0.6821686 0.6821686 0.7828157 0.7813782 0.7857506 0.7857506 0.7879487 0.7239321 0.7239321 0.6860895 0.6525076 0.6303957 0.6303957 0.6163419 0.8635973 0.8635973 0.6990036 0.9508917 0.9508917 1.026924 1.236335 1.742613 1.742613 1.690206 1.277345 1.277345 1.263993 1.372559 1.372559 1.004267 1.045135 1.309124 1.309124 1.374393 1.466622 1.466622 1.336041 1.455267
1.501925 1.951802 2.020756 2.020756 2.06087 1.734677 1.734677 1.588326 1.513192 1.400608 1.400608 1.764806 1.745786 1.745786 1.113256 1.03452 1.03452 1.479693 1.236571 1.018707 1.018707 1.173345 1.038308 1.038308 0.9929789 0.8558028 0.8558028 0.727749 0.737825 0.8365976 0.8365976 0.7384619 0.7760599 0.7760599 0.7074289 0.6821686 0.6821686 0.7828157 0.7813782 0.7857506 0.7857506 0.7879487 0.7239321 0.7239321 0.6860895 0.6525076 0.6303957 0.6303957 0.6163419 0.8635973 0.8635973 0.6990036 0.9508917 0.9508917 1.026924 1.236335 1.742613 1.742613 1.690206 1.277345 1.277345 1.263993 1.372559 1.372559 1.004267 1.045135 1.309124 1.309124 1.374393 1.466622 1.466622 1.336041 1.455267
1.642728 1.819348 1.696946 1.696946 1.815957 2.09856 2.09856 1.733786 1.209665 1.002311 1.002311 1.619063 1.802715 1.802715 1.074953 1.351071 1.351071 1.220866 1.556536 1.180593 1.180593 1.053277 1.15739 1.15739 0.9607002 0.8197047 0.8197047 0.8220986 0.691999 0.7685091 0.7685091 0.9853297 0.6534728 0.6534728 0.7790121 0.7647053 0.7647053 0.7871209 0.8491845 0.7935401 0.7935401 0.824654 0.758118 0.758118 0.7101513 0.6103991 0.5934501 0.5934501 0.5493653 0.6224886 0.6224886 0.946064 0.933323 0.933323 0.8560414 0.8323085 1.556628 1.556628 1.421394 1.187838 1.187838 1.437307 0.7905971 0.7905971 1.138119 1.109323 1.278463 1.278463 1.31411 1.351898 1.351898 1.411681 1.311431
1.782274 1.411563 1.310311 1.310311 1.969295 1.652026 1.652026 1.805278 1.604627 1.296348 1.296348 1.310978 1.280183 1.280183 1.715772 1.225656 1.225656 1.203648 1.56322 1.228696 1.228696 1.405289 1.212518 1.212518 1.057212 0.8468284 0.8468284 0.7870164 0.7777009 0.8321651 0.8321651 0.886695 0.6965855 0.6965855 0.8958707 0.7643698 0.7643698 0.7290512 0.844598 0.870807 0.870807 0.8310938 0.8386405 0.8386405 0.6795025 0.8089365 0.6471004 0.6471004 0.754979 0.6844805 0.6844805 0.6926636 0.6488746 0.6488746 0.6753674 0.9401065 0.8767556 0.8767556 1.06809 1.333771 1.333771 1.637787 1.480329 1.480329 1.002474 1.242082 1.261225 1.261225 1.246073 1.335859 1.335859 1.374574 1.212629
1.782274 1.411563 1.310311 1.310311 1.969295 1.652026 1.652026 1.805278 1.604627 1.296348 1.296348 1.310978 1.280183 1.280183 1.715772 1.225656 1.225656 1.203648 1.56322 1.228696 1.228696 1.405289 1.212518 1.212518 1.057212 0.8468284 0.8468284 0.7870164 0.7777009 0.8321651 0.8321651 0.886695 0.6965855 0.6965855 0.8958707 0.7643698 0.7643698 0.7290512 0.844598 0.870807 0.870807 0.8310938 0.8386405 0.8386405 0.6795025 0.8089365 0.6471004 0.6471004 0.754979 0.6844805 0.6844805 0.6926636 0.6488746 0.6488746 0.6753674 0.9401065 0.8767556 0.8767556 1.06809 1.333771 1.333771 1.637787 1.480329 1.480329 1.002474 1.242082 1.261225 1.261225 1.246073 1.335859 1.335859 1.374574 1.212629
1.819214 1.64859 1.410409 1.410409 1.24064 1.732094 1.732094 1.545868 1.571389 1.727005 1.727005 1.388863 1.762146 1.762146 2.085357 1.083364 1.083364 0.9856521 1.026551 1.368793 1.368793 1.336167 1.055292 1.055292 1.198001 0.9568729 0.9568729 0.9463162 0.893065 0.8440749 0.8440749 1.071185 0.8726131 0.8726131 0.7341382 0.9322536 0.9322536 0.7716894 0.7166227 0.5790825 0.5790825 0.8550936 0.8284029 0.8284029 0.9158296 1.004635 0.894828 0.894828 0.7239387 0.7535883 0.7535883 0.7139148 0.6663042 0.6663042 0.6790362 0.9347659 0.8709286 0.8709286 0.4757014 0.5793527 0.5793527 0.9321334 1.445748 1.445748 0.7909647 1.159815 1.003868 1.003868 1.209041 1.230087 1.230087 1.321318 1.181788
1.619183 1.347926 1.57896 1.57896 1.395144 1.479233 1.479233 1.453044 1.302829 1.339404 1.339404 1.477513 1.796692 1.796692 1.504036 1.248992 1.248992 0.9881848 0.9850907 0.8845151 0.8845151 1.100744 1.175882 1.175882 0.7869681 0.9403368 0.9403368 1.119188 1.063342 1.15293 1.15293 1.06214 0.841374 0.841374 0.9164907 0.3993819 0.3993819 0.4786923 0.3577781 0.3361812 0.3361812 0.3522344 0.6922151 0.6922151 0.6744661 0.7791876 0.6045189 0.6045189 0.5443479 0.4042471 0.4042471 0.6153625 0.7827607 0.7827607 0.797591 0.8065859 0.9608192 0.9608192 0.8582271 0.730388 0.730388 0.688908 0.759488 0.759488 0.7739975 0.8119088 0.8182176 0.8182176 1.106805 1.296247 1.296247 1.247797 1.162129
0.9237173 0.7183171 1.285845 1.285845 1.38824 1.167555 1.167555 1.059432 1.544294 1.283055 1.283055 1.201821 1.313464 1.313464 1.622581 0.9788141 0.9788141 1.092336 0.9481315 1.098874 1.098874 1.052516 0.9595909 0.9595909 0.7721561 0.987897 0.987897 0.5541074 0.8692008 1.047702 1.047702 0.6392933 0.524398 0.524398 0.6381515 0.3944563 0.3944563 0.5325912 0.5787864 0.172249 0.172249 0.206621 0.7884969 0.7884969 0.6301207 0.7249371 0.6994172 0.6994172 0.6029719 0.6071664 0.6071664 0.5341876 0.6192954 0.6192954 0.6351454 0.4950646 0.8250529 0.8250529 0.7860036 0.5895688 0.5895688 0.677492 0.5779458 0.5779458 0.9123503 0.9636815 0.7752578 0.7752578 0.8995104 0.8009767 0.8009767 0.9728794 1.342362
0.9237173 0.7183171 1.285845 1.285845 1.38824 1.167555 1.167555 1.059432 1.544294 1.283055 1.283055 1.201821 1.313464 1.313464 1.622581 0.9788141 0.9788141 1.092336 0.9481315 1.098874 1.098874 1.052516 0.9595909 0.9595909 0.7721561 0.987897 0.987897 0.5541074 0.8692008 1.047702 1.047702 0.6392933 0.524398 0.524398 0.6381515 0.3944563 0.3944563 0.5325912 0.5787864 0.172249 0.172249 0.206621 0.7884969 0.7884969 0.6301207 0.7249371 0.6994172 0.6994172 0.6029719 0.6071664 0.6071664 0.5341876 0.6192954 0.6192954 0.6351454 0.4950646 0.8250529 0.8250529 0.7860036 0.5895688 0.5895688 0.677492 0.5779458 0.5779458 0.9123503 0.9636815 0.7752578 0.7752578 0.8995104 0.8009767 0.8009767 0.9728794 1.342362
1.618202 1.529219 1.463184 1.463184 0.8608748 1.311978 1.311978 1.251249 1.604682 1.19505 1.19505 1.418654 1.426938 1.426938 1.087572 1.039132 1.039132 1.064637 1.021911 0.9408833 0.9408833 0.8717517 0.8469224 0.8469224 0.3400444 0.7239946 0.7239946 0.739856 0.8945614 0.6322237 0.6322237 0.8703319 0.6179272 0.6179272 0.841365 0.4870892 0.4870892 0.8344038 0.7539809 0.5791013 0.5791013 0.4096383 0.5745023 0.5745023 0.8729649 0.6875404 0.7780687 0.7780687 0.6781926 0.5590988 0.5590988 0.6335558 0.6252059 0.6252059 0.6109724 0.6001704 0.725327 0.725327 0.8068253 0.5542691 0.5542691 0.5418119 0.6458962 0.6458962 0.4898807 0.8899125 0.8990808 0.8990808 0.8219737 1.004516 1.004516 1.058529 1.186871
1.93151 1.422091 1.614661 1.614661 1.131563 0.8401858 0.8401858 1.229482 1.475404 1.276335 1.276335 1.546228 1.259396 1.259396 0.828662 0.6068783 0.6068783 1.017569 1.237193 1.137741 1.137741 0.8993284 0.9725363 0.9725363 1.069184 1.146432 1.146432 0.8882189 0.6049684 0.9735997 0.9735997 0.9977845 0.8199244 0.8199244 0.7330017 1.070427 1.070427 0.9139 0.7069504 0.8298032 0.8298032 0.8613179 0.6828805 0.6828805 0.5804375 0.7976521 0.7513949 0.7513949 0.5718233 0.691549 0.691549 0.4637887 0.5737158 0.5737158 0.5448005 0.5736602 0.7017327 0.7017327 0.5053946 0.5816548 0.5816548 0.5843201 0.5350678 0.5350678 0.5709316 0.5367505 0.774118 0.774118 0.674336 0.6977697 0.6977697 0.5921349 0.9172439
1.93151 1.422091 1.614661 1.614661 1.131563 0.8401858 0.8401858 1.229482 1.475404 1.276335 1.276335 1.546228 1.259396 1.259396 0.828662 0.6068783 0.6068783 1.017569 1.237193 1.137741 1.137741 0.8993284 0.9725363 0.9725363 1.069184 1.146432 1.146432 0.8882189 0.6049684 0.9735997 0.9735997 0.9977845 0.8199244 0.8199244 0.7330017 1.070427 1.070427 0.9139 0.7069504 0.8298032 0.8298032 0.8613179 0.6828805 0.6828805 0.5804375 0.7976521 0.7513949 0.7513949 0.5718233 0.691549 0.691549 0.4637887 0.5737158 0.5737158 0.5448005 0.5736602 0.7017327 0.7017327 0.5053946 0.5816548 0.5816548 0.5843201 0.5350678 0.5350678 0.5709316 0.5367505 0.774118 0.774118 0.674336 0.6977697 0.6977697 0.5921349 0.9172439
1.936548 2.138236 1.680629 1.680629 1.507479 0.8181646 0.8181646 1.137763 1.292511 1.743718 1.743718 1.713899 1.125284 1.125284 0.8030724 1.121918 1.121918 0.814737 1.0497 1.058399 1.058399 0.6163969 1.211846 1.211846 0.8723958 1.248997 1.248997 1.343492 1.153438 1.093544 1.093544 1.112173 0.7604448 0.7604448 0.8905371 0.9443869 0.9443869 0.8978126 0.9384314 0.9097366 0.9097366 0.7830366 0.9802185 0.9802185 0.5684958 0.715289 0.7513028 0.7513028 0.7078517 0.5859362 0.5859362 0.5316552 0.6225748 0.6225748 0.544499 0.5344751 0.6556064 0.6556064 0.5339627 0.4972712 0.4972712 0.5543712 0.5520014 0.5520014 0.4987349 0.4392737 0.5851641 0.5851641 0.6255183 0.4927535 0.4927535 0.6870943 0.8553249
1.996502 2.374848 1.683087 1.683087 2.001277 1.69932 1.69932 1.532035 1.656401 1.825332 1.825332 2.004591 1.145122 1.145122 0.955908 1.276844 1.276844 1.350943 1.361787 1.71014 1.71014 0.983822 1.454829 1.454829 1.208062 1.529694 1.529694 0.8664134 1.199378 1.063612 1.063612 0.923083 0.5447536 0.5447536 0.7856221 0.5173119 0.5173119 0.8828852 0.8249604 1.030951 1.030951 0.4285974 0.6830131 0.6830131 0.4494113 0.4547442 0.6610968 0.6610968 0.5821359 0.5516678 0.5516678 0.6052465 0.600627 0.600627 0.4036028 0.5506803 0.6744217 0.6744217 0.506947 0.5736492 0.5736492 0.5707576 0.4756536 0.4756536 0.4903153 0.48077 0.5272673 0.5272673 0.4761597 0.5691217 0.5691217 0.8231516 0.8436911
1.996502 2.374848 1.683087 1.683087 2.001277 1.69932 1.69932 1.532035 1.656401 1.825332 1.825332 2.004591 1.145122 1.145122 0.955908 1.276844 1.276844 1.350943 1.361787 1.71014 1.71014 0.983822 1.454829 1.454829 1.208062 1.529694 1.529694 0.8664134 1.199378 1.063612 1.063612 0.923083 0.5447536 0.5447536 0.7856221 0.5173119 0.5173119 0.8828852 0.8249604 1.030951 1.030951 0.4285974 0.6830131 0.6830131 0.4494113 0.4547442 0.6610968 0.6610968 0.5821359 0.5516678 0.5516678 0.6052465 0.600627 0.600627 0.4036028 0.5506803 0.6744217 0.6744217 0.506947 0.5736492 0.5736492 0.5707576 0.4756536 0.4756536 0.4903153 0.48077 0.5272673 0.5272673 0.4761597 0.5691217 0.5691217 0.8231516 0.8436911
2.040666 2.077413 2.200065 2.200065 2.032259 1.877197 1.877197 1.841659 1.326193 1.624239 1.624239 1.728411 1.255954 1.255954 1.074784 0.6013115 0.6013115 1.494704 1.894141 1.599216 1.599216 1.9598 1.422109 1.422109 1.360804 1.418396 1.418396 0.8785714 0.8397704 0.9389837 0.9389837 0.5118504 0.6517829 0.6517829 0.6748101 0.9241549 0.9241549 0.8351907 1.018969 0.8436911 0.8436911 0.8481011 0.4260977 0.4260977 0.6738898 0.7511511 0.7909933 0.7909933 0.4822223 0.3556879 0.3556879 0.5629035 0.5505853 0.5505853 0.5530342 0.5003361 0.4358893 0.4358893 0.5644739 0.5719949 0.5719949 0.5737748 0.5596791 0.5596791 0.515983 0.3509661 0.5599836 0.5599836 0.4974108 0.5415398 0.5415398 0.3171109 0.7148771
-9999 1.877469 2.055866 2.055866 2.0503 1.565347 1.565347 1.601559 1.242786 1.659396 1.659396 1.688421 1.495921 1.495921 1.146485 0.7210294 0.7210294 1.788767 1.838213 1.782121 1.782121 1.89716 2.144149 2.144149 2.175322 2.276856 2.276856 1.505311 0.6022155 0.8426942 0.8426942 0.8214393 0.8998697 0.8998697 0.7494243 0.8449281 0.8449281 0.8940102 0.7639339 0.592402 0.592402 0.9132845 2.286912 2.286912 0.757531 1.172095 1.045158 1.045158 0.7520095 0.3750456 0.3750456 0.6038175 0.514342 0.514342 0.522694 0.5056006 0.235042 0.235042 0.6241645 0.599369 0.599369 0.5637776 0.5707448 0.5707448 0.5966746 0.4922904 0.5365342 0.5365342 0.4846507 0.5827961 0.5827961 0.5529857 0.4806661
-9999 2.160808 2.105403 2.105403 2.570517 2.011985 2.011985 2.033108 2.170198 1.932674 1.932674 1.446415 1.692414 1.692414 1.632812 1.933734 1.933734 2.059392 1.609761 1.078102 1.078102 2.139699 1.877361 1.877361 1.79192 2.1936 2.1936 2.013818 0.7254428 0.9567665 0.9567665 0.9856639 1.185805 1.185805 0.8048471 0.7551686 0.7551686 0.7979919 0.7375911 1.930776 1.930776 1.348457 2.311549 2.311549 1.851368 1.922465 1.206879 1.206879 0.657255 0.5505689 0.5505689 0.7077996 0.6055298 0.6055298 0.56082 0.5637487 0.564701 0.564701 0.4027742 0.4932591 0.4932591 0.5045481 0.5815679 0.5815679 0.407204 0.4473478 0.7707117 0.7707117 0.7568226 0.6678474 0.6678474 0.528774 0.5461594
-9999 2.160808 2.105403 2.105403 2.570517 2.011985 2.011985 2.033108 2.170198 1.932674 1.932674 1.446415 1.692414 1.692414 1.632812 1.933734 1.933734 2.059392 1.609761 1.078102 1.078102 2.139699 1.877361 1.877361 1.79192 2.1936 2.1936 2.013818 0.7254428 0.9567665 0.9567665 0.9856639 1.185805 1.185805 0.8048471 0.7551686 0.7551686 0.7979919 0.7375911 1.930776 1.930776 1.348457 2.311549 2.311549 1.851368 1.922465 1.206879 1.206879 0.657255 0.5505689 0.5505689 0.7077996 0.6055298 0.6055298 0.56082 0.5637487 0.564701 0.564701 0.4027742 0.4932591 0.4932591 0.5045481 0.5815679 0.5815679 0.407204 0.4473478 0.7707117 0.7707117 0.7568226 0.6678474 0.6678474 0.528774 0.5461594
-9999 -9999 -9999 -9999 -9999 1.777507 1.777507 2.066483 2.020116 1.769179 1.769179 1.645278 1.929078 1.929078 1.943461 2.362524 2.362524 2.372768 2.161717 1.00449 1.00449 2.074929 1.565525 1.565525 1.445678 1.563091 1.563091 1.788259 0.9912141 1.417619 1.417619 2.12796 1.889905 1.889905 1.288847 0.7606252 0.7606252 1.206305 1.762091 2.162896 2.162896 1.829226 2.249541 2.249541 2.590654 2.376114 1.529388 1.529388 1.236236 0.8455701 0.8455701 0.7193676 0.3321242 0.3321242 0.393084 0.5455515 0.5381662 0.5381662 0.260659 0.5000917 0.5000917 0.617808 0.5835537 0.5835537 0.5048853 0.05772867 0.6273841 0.6273841 0.6321239 0.638325 0.638325 0.1592955 0.5655874
-9999 -9999 -9999 -9999 -9999 -9999 -9999 -9999 1.830909 1.851153 1.851153 1.9538 1.627088 1.627088 2.184491 2.525968 2.525968 2.24552 1.919773 1.831237 1.831237 2.275752 1.250715 1.250715 1.256403 1.431357 1.431357 1.221808 1.340253 1.481458 1.481458 1.486067 2.181802 2.181802 1.49473 1.264825 1.264825 1.760914 2.271184 2.572017 2.572017 2.467089 2.578951 2.578951 2.635432 2.476712 2.169796 2.169796 2.320179 1.59154 1.59154 1.147139 0.2896627 0.2896627 0.3465339 0.3881524 0.6047275 0.6047275 0.3199623 0.4577136 0.4577136 0.403632 0.6994947 0.6994947 0.5934877 0.1922807 0.6583344 0.6583344 0.694455 0.7831193 0.7831193 0.6936186 0.6637263
